9825
6407
2922
784
1698
2077
3634
3447
2010
1341
7599
4525
5559
1794
5427
6902
7389
9124
9279
5353
6041
2738
5210
4415
7638
789
9829
3808
9060
1562
9190
9267
1438
3020
2098
3069
9062
8735
5170
5546
846
4549
6471
1846
115
6344
2952
5652
9857
5365
234
3722
4706
5531
333
1884
2376
9610
2322
7179
9184
5901
1696
3846
8974
6385
8116
4193
1815
2203
9441
2699
2402
3604
5131
5681
8130
1936
3521
2281
4891
2519
1550
9997
2688
9157
8310
9852
5684
1468
7981
2095
7092
1336
9269
8807
2051
4126
6290
4695
2709
5835
4583
7621
2901
1440
6799
1160
4108
9415
33
4575
98
8726
8714
4852
1679
5671
3934
3830
9214
8959
3807
1911
5383
3797
5079
8348
3500
421
3336
4329
7910
7622
4814
1386
1126
3720
557
2628
444
7026
406
383
1822
5907
2431
5415
6787
4531
840
4931
7822
1871
2028
7491
6243
6617
2848
6737
412
2179
2895
4829
5934
196
4893
2378
3542
8188
3482
3644
7416
425
1398
5919
5142
4251
7575
2497
2707
1547
445
4333
7869
2082
6271
5089
9744
5005
6841
9370
5855
2863
3834
7144
7657
6364
2892
7338
3640
2554
8515
4218
7654
7145
311
7465
3876
7730
3180
8891
9257
990
1944
1578
7219
4196
9852
1235
3843
1579
7398
8942
7163
4191
887
3143
9071
807
7428
8604
3652
3847
3821
9105
6144
7650
4995
6899
6109
3046
739
6602
8606
3480
3376
6274
2470
2134
7491
7851
6086
6363
2641
984
404
1674
4011
9443
6820
8377
427
3056
4546
7355
1729
1214
5758
1519
9375
6168
3132
1752
5910
4089
808
9809
3324
3627
6194
2550
9126
9895
1903
4018
6770
9392
7625
3552
7326
1869
1605
274
4366
8700
3262
9389
4261
3732
1721
8506
2389
5581
504
2599
1274
1787
1041
5408
915
8914
5229
8649
8862
482
6316
9384
1761
5357
2366
146
1880
2704
310
6164
555
3607
6536
1753
7602
5234
9909
232
9059
5515
2520
3655
6348
3820
6832
351
1356
5768
7916
1895
7730
1945
7758
3640
2905
1205
9677
7273
8418
7914
3875
2057
9800
4214
8783
8338
7631
4570
254
1265
471
1944
2213
4014
336
3526
829
4885
2103
5132
3037
7543
925
1358
1488
907
4332
3796
3338
1771
1842
971
3890
6904
30
1494
1448
2997
1624
4277
3343
9748
8268
8147
4118
5498
6608
8987
3567
3894
4980
6307
9172
6340
8868
9484
650
5474
2422
1119
5874
8743
3988
6272
9833
1528
8673
7550
1951
6136
2082
574
406
5054
9101
1291
8742
2013
8227
6439
7932
1378
9596
8662
871
5587
607
3530
744
5213
9633
8466
8540
9840
9148
2957
8002
1396
1987
1782
1976
1952
5669
7195
6739
143
8465
3086
857
194
5184
9633
6402
9801
3338
9931
8662
8081
4890
5456
680
3696
4495
2253
6861
4973
3009
3852
2581
2145
6783
7489
1945
7369
5975
8788
5518
909
5166
3602
1210
466
1632
6000
4870
5208
2434
7913
95
5935
154
900
666
9139
559
673
2334
5080
959
996
2876
1291
5944
6975
5487
5867
755
4751
570
5121
5790
5740
4815
7042
1421
2189
8816
6583
895
476
5936
1227
1766
4722
7091
1630
2979
8577
5194
2119
2542
2883
6075
3753
4605
6435
3263
1947
7460
5400
2547
720
233
9708
9890
9627
5326
1298
1604
312
3276
3852
8450
8121
6491
991
399
1434
9158
5349
9940
9076
2529
5512
8955
4622
2271
4900
1907
1136
3228
5798
2751
289
4470
9601
8922
8952
1051
1172
6194
9134
5738
9868
1401
740
9082
229
9982
3454
5342
5975
4281
7191
1558
3039
6180
8103
700
8701
2319
4456
9366
220
2071
8289
2252
4057
5900
5068
5994
3339
6187
4246
6691
4889
7296
5297
159
4940
3759
7234
5558
8272
191
1497
5492
1601
2001
5804
488
2533
5842
2245
6871
1100
9284
6583
644
73
8020
7987
1714
5779
4780
3199
7861
9175
139
7965
5569
4074
5832
6961
2672
8420
1148
815
7119
6550
4086
2273
2778
1158
3613
7572
8140
3908
8283
9975
7258
7483
6746
7043
3937
1213
3050
6476
9808
7521
7143
7000
2553
5799
9890
6992
1804
9900
3836
9459
3392
2452
6926
8401
6495
467
2745
58
791
2273
5318
9613
5777
6183
2276
7061
3610
3288
4432
3673
877
3087
2553
624
814
4732
7505
6327
6912
9028
1969
2766
8194
323
2896
5252
6637
8123
6322
350
1079
1802
1757
6816
433
4435
3549
6656
3078
392
3007
4557
7195
1863
3821
6380
4216
4706
9844
8606
5265
3247
2473
2629
5099
7632
9493
1297
1514
5679
1693
4589
480
7318
4090
310
8771
568
3768
2703
4380
7367
6921
6302
6490
2674
8197
7301
3552
8769
1481
4876
1912
7302
3771
6435
4610
9354
9329
6883
9984
1994
2182
8233
4633
7329
6689
3466
6111
8510
9344
1395
3719
5499
492
7958
1510
7178
604
209
9308
9183
1057
8061
746
8771
5791
5357
1393
5858
4610
2527
4212
8760
8142
9469
6106
5086
3516
4289
1088
2253
8191
6124
6990
8060
2105
3215
8313
2626
3003
5719
3367
4661
7859
1256
5145
830
9962
1595
2574
7785
955
6155
4147
8793
370
273
1628
293
6419
8198
1177
4156
2487
2365
7016
2005
6320
1467
9030
6344
6087
7170
2838
3133
6291
4961
5618
2253
3683
2843
3910
3934
3573
2036
8578
9450
3930
9179
7627
6340
2363
5247
1634
3878
7622
1088
6315
6269
8993
5688
3576
4014
9290
7223
8993
4505
5882
1554
7696
9115
3096
8876
9147
3377
26
143
4072
6449
2622
4679
218
4124
5140
2900
2730
2206
483
4288
6037
1767
2157
1788
7941
8624
778
4032
4499
9607
5746
820
4687
8620
5839
6669
664
576
8527
5092
510
5577
4514
7352
2447
2698
7485
6028
9107
4466
2228
510
5320
7571
205
3085
3129
8760
7461
6775
7250
1247
5649
7184
1507
2509
3819
5284
3300
271
4113
604
8319
983
879
505
5995
8628
3428
8612
422
7111
9984
3798
4702
259
4350
2006
4517
1368
509
1182
6537
4214
7711
2477
8087
6417
9387
9272
6055
5355
5235
6109
3999
4118
1731
1236
3293
2159
414
7568
2410
6659
6851
1981
1647
98
9221
3916
6968
700
9835
8483
6873
9748
6406
8704
431
514
1922
6977
4858
3465
9935
7379
4598
7562
4114
428
2641
9995
8242
4456
8586
2464
2963
5619
549
9336
1800
6057
4183
6604
8554
922
8641
2771
4092
1447
5095
3336
6779
4999
8098
1455
1371
3123
4944
8430
1041
4461
7565
3576
6301
5476
5772
6714
4422
119
8260
6666
1426
3076
412
4524
6815
4543
7447
2953
8249
7524
9174
6249
813
963
29
9865
7828
6692
1471
4968
4266
3503
221
8033
7393
4235
6872
9955
6072
854
264
7236
5323
4262
5979
7210
3505
6405
5824
6415
5945
96
8609
7923
2381
6285
8428
1211
2701
3312
2864
2722
4280
1511
754
7711
1146
6216
2566
36
7020
2515
7271
8172
5830
6311
6223
8537
3483
1829
469
2960
4896
9735
1587
919
283
636
1404
4465
4512
8384
3883
8369
3073
700
5180
6169
7839
7074
9614
3175
6816
9757
1386
5816
2115
558
2560
9684
3109
4398
2244
2668
7939
1647
5142
5104
8646
4714
5060
574
4134
1946
5365
354
4141
1546
4734
3417
7337
7105
2551
5651
7573
6553
4410
7429
2289
5749
2483
7428
245
9775
9998
8245
4737
3982
9613
409
6506
238
9659
1409
325
1445
5925
3784
6948
5547
4818
4210
155
1245
9229
9343
9081
7901
7835
547
2992
8032
5734
4141
1490
821
1210
2669
5600
1231
3121
661
9937
5486
2393
6349
6963
6205
4729
5535
5227
3520
7759
4223
3637
4604
806
6196
5396
7058
7317
8100
7046
2667
3660
2266
2182
2485
7530
5372
8724
825
7102
4221
3743
1457
148
8459
4751
5718
9778
6379
5918
9012
5581
8347
8537
4168
4519
3757
4842
5540
2677
523
9623
7853
8157
2608
3628
5209
8588
2233
9129
4835
9062
2286
4236
183
1208
16
569
4121
4092
1623
229
6594
4467
6216
5199
1561
2618
7932
1713
4180
6193
7469
5488
6428
8898
507
6934
454
2651
5585
2484
9972
1525
9943
932
3008
6316
9755
5361
191
6767
4939
8104
4623
7533
8388
6324
1349
666
9165
3515
6543
7070
9511
55
3108
8869
5200
881
7949
445
9736
4050
7590
3094
1288
379
4007
375
8381
3481
111
7444
2830
987
2484
7584
160
5260
4440
3067
6264
309
9980
5914
1964
3858
5545
7132
457
6817
6732
4095
5447
9734
6449
8443
4311
2335
3810
7986
292
8876
1941
1837
4631
6299
584
4355
521
7710
4679
9239
867
9840
5632
1316
3835
7019
499
528
8414
3760
1340
5416
2696
5035
2716
7263
7066
3585
8541
674
4629
3373
9443
683
2511
5723
353
4511
7673
1732
554
4676
213
6878
134
4974
6105
4779
2144
4741
6803
7766
4571
8683
672
3335
4434
8088
3208
4125
874
1366
6980
8395
2723
3552
4237
4151
8718
8878
9029
505
5195
5418
8843
4937
3912
9337
1736
3031
4818
7705
7895
859
5773
6805
7784
371
2582
4464
3694
8217
8984
974
3858
6009
2061
564
7644
744
1919
739
3987
7856
9135
8053
9659
6263
8413
2720
1847
4492
7503
6193
7852
9334
2553
5148
8885
9768
7251
1548
607
6094
4827
1811
2048
7875
2378
2384
6161
6162
1697
4781
5629
4434
7551
5242
8395
1841
8872
1433
2303
5292
8294
7526
139
2688
780
6007
2519
7499
5938
3978
3335
2257
4154
7586
2021
3535
3235
222
6055
7038
3578
8143
3485
1543
260
191
6386
1394
6021
7648
946
8387
985
2334
3821
1924
5639
5841
7503
1895
6312
765
9627
1649
8208
7234
5169
416
4366
1366
9186
8743
1346
2129
4599
7308
7254
6657
2266
6146
1614
1527
6541
4615
5719
1796
8028
5076
2280
800
806
1938
5152
8701
7299
1775
2018
6614
3157
8
7381
6412
7485
912
9813
4975
4167
6033
395
1702
271
8821
6726
1867
2595
9938
1102
3163
252
619
7937
3965
4149
8963
2175
2357
7002
582
1641
2988
1337
9976
1294
3737
8478
9159
7574
4604
4896
6084
8959
8466
2996
883
2392
7158
3540
5433
6560
8705
8057
1297
9808
5343
2932
1128
6209
5146
7748
7520
1392
8839
8747
4810
5295
5031
2526
590
4253
3109
7649
9240
9622
5105
3103
9768
8971
8344
1312
4535
9983
6763
4600
8590
1644
4636
1773
5538
9018
8263
5853
3537
2139
5282
1932
6888
4916
5294
2822
1057
7731
5035
3562
1338
938
5851
3326
7176
9546
7773
1537
8562
8373
1759
3107
2712
986
178
7270
3357
4241
8977
3228
8325
7479
5894
5595
6468
8629
71
8156
5145
4148
3565
1929
4399
1635
5482
7523
782
9287
4719
6290
8420
6138
365
5169
5385
869
1058
2469
6397
162
2336
150
305
3092
1176
4712
637
9544
982
4620
1705
1727
4338
6788
7265
5082
7615
1325
2527
562
8148
9626
5668
7859
6385
2440
4300
880
9467
6870
3296
2469
6705
4196
2172
4624
8562
2417
9894
8180
195
2200
2797
3128
2686
5861
9428
2049
5354
9788
7561
588
3956
4812
4216
4461
347
9413
1412
3338
5582
1950
6107
4257
6519
5778
9825
4274
9643
6586
1561
6931
4893
5420
7513
8622
8107
1616
7205
2426
8939
4207
8061
9312
4968
8807
331
2572
1621
6171
184
9878
982
5637
9235
3262
3994
3667
663
2500
8474
8783
3614
8364
6628
4400
5387
8443
4258
208
7563
1797
5331
2538
2180
7701
933
542
8164
698
5648
5637
1753
7630
4175
2309
6678
4626
4661
6707
6356
6313
506
2548
6379
6921
9206
7624
2983
9382
7259
9769
2586
7626
8626
39
4044
515
8535
5407
4220
1983
2889
3561
2581
7513
6123
8327
5845
8134
123
9335
1778
8219
3648
7878
2540
4450
5270
8114
2839
956
7388
9352
3952
6488
2406
7564
4808
773
1380
764
2888
6979
2644
1295
9576
1471
1953
6496
8208
8210
4235
8821
3308
1746
9974
3978
2663
2972
5248
7252
1761
7535
1856
2757
6750
3424
1858
6035
1599
8044
5
429
913
3644
1995
7492
1144
6940
8194
1607
1415
3922
5223
2506
1589
1450
8483
2037
2435
6383
2874
4785
2524
682
331
2998
129
9822
9953
4739
3050
1865
4642
4670
159
1814
8569
1930
4433
3440
9357
9369
7178
38
3563
3327
3238
8437
7871
1398
2662
3221
7963
2234
6643
1285
1112
2302
3889
7240
203
3027
996
3855
2447
2966
2080
1494
6067
4459
8089
457
8590
3000
617
2143
8574
2582
843
9308
994
4446
975
9431
5342
7774
7133
8488
4960
1056
2949
1878
4964
5852
7073
3892
1979
6779
4308
96
1504
7759
9495
1264
8735
6641
6450
4287
116
6109
6789
8923
7640
8954
1183
8363
5914
1355
5747
2456
9561
2683
4581
7345
8843
8230
3356
7348
7017
1254
1299
1382
9674
7343
4773
5689
5089
6410
4506
2398
5836
871
1138
1461
50
204
1158
8010
6660
4054
8505
1619
9531
8762
3943
1886
8051
778
6189
3384
2738
3519
9868
4809
1446
7087
4312
9053
1585
4876
2504
7046
2216
3903
3751
3832
4635
1639
4947
1004
9576
7017
1867
956
6413
88
5783
8394
3814
9710
3417
7715
4015
7150
238
1716
5474
5406
1707
4935
1849
9356
4986
3439
6289
5067
458
9496
1963
9735
3424
151
2730
4220
9330
942
8680
4967
5497
7163
6203
1306
1624
1549
5413
4939
6699
3610
6482
1839
4821
9000
1965
5318
2674
6961
99
9827
299
173
2300
6361
9818
134
4743
8004
3123
1372
8968
9858
8071
3130
3065
4682
598
1591
129
6127
6949
8346
2507
8762
7487
4111
9415
5743
3113
4868
64
3712
4873
1374
2836
5368
771
3038
305
8010
4213
9238
5133
435
3611
4169
2797
4548
7161
9391
9351
1936
1042
2244
6604
8616
571
2451
1373
7296
1734
4591
2088
7853
3458
4103
458
5351
9752
8360
9128
9481
2307
3614
3671
9887
2873
1737
2633
1213
4107
6463
2897
40
1391
5209
3431
6674
2619
7225
1944
5858
3558
5436
6443
8972
2364
5916
3451
5823
8112
4703
9758
488
8612
4603
6294
6785
6202
2988
7590
5055
1261
8114
3046
7325
8288
77
2663
6575
4735
9898
9395
6523
4254
6879
5653
1099
6638
2630
5319
5516
5086
6375
1290
7469
3069
5034
587
2746
6297
9723
3229
2047
3361
671
6240
7129
1616
9861
50
2021
8467
192
4449
3602
4611
274
8320
9390
62
1086
8205
5138
6736
6795
3367
4161
1597
4289
4887
2012
6507
2848
8426
5468
471
4252
8611
2003
1910
1149
9126
9553
6864
7153
1997
5093
2242
1617
9118
9068
2393
6383
9472
4616
2538
9553
8941
9900
9909
2776
6163
1864
2534
8976
8127
9722
5864
4468
458
6483
2056
9003
2259
1302
6
2550
6620
3734
8178
9839
7739
2659
7655
2937
5115
4794
8793
113
1507
6854
1393
1925
8315
7737
2438
3828
5063
9282
6017
719
4538
8785
7298
7589
2369
2237
5655
4709
1532
8718
5798
5748
9952
9348
8605
7898
3592
4029
2447
4115
641
25
9238
4192
7698
9813
9397
534
8038
4216
9973
6194
2240
9106
762
5720
4625
7395
8600
7450
703
2921
8077
2028
4833
89
9506
2200
3050
1596
42
1838
3695
5544
7073
7525
2067
1956
4471
9629
874
4664
4447
9575
176
1331
694
2378
1331
2936
5133
1144
3969
6730
8635
4300
2007
1438
7826
7804
5802
1516
1531
2671
1335
8545
5558
9192
1637
7252
3842
6288
6235
6362
5956
6099
6358
1324
4930
1186
9808
9563
4754
1660
6389
8685
6215
2826
8880
1077
832
4928
5557
1495
8162
4473
302
823
4092
9190
8019
3524
3283
3094
89
7876
1456
3733
1254
4163
1956
410
5156
6337
3996
4185
1657
4839
6382
6981
4461
8462
6232
3110
4013
1219
127
1445
2351
1475
8046
6833
8046
9520
6448
7273
3429
608
7702
2525
9497
1376
5376
8486
4082
7920
9832
3867
8690
4929
881
1837
5542
6936
3235
1851
4268
6825
1679
5198
845
2432
4290
6931
4422
3202
2112
688
6083
1557
9124
5255
2647
6473
5621
196
8309
6275
9032
2410
7801
7907
5519
1582
6696
4386
8084
7207
6345
3663
4955
7513
1397
1220
1201
8084
604
7278
4171
2614
5659
552
9949
5724
1960
3882
3768
1555
2869
1729
1574
8073
1763
1939
6749
575
8569
2589
7462
9023
7199
771
2740
4812
8462
8199
3124
4381
5918
5374
8874
9729
5845
4730
377
4289
2852
5544
6017
6630
1638
4675
6175
6312
4750
1643
6144
2284
7887
5096
9556
2634
711
7461
9117
2629
4272
6562
8673
6472
2143
333
4823
3350
871
7880
6583
6801
7669
4316
3684
715
7976
1104
8579
7432
6154
854
4870
5879
6387
6585
9582
4406
5986
5670
7109
4965
9904
5099
2432
6024
5229
2508
4038
9441
2752
2801
4533
132
8449
5039
7680
2692
9612
2607
4976
4467
1239
2617
4738
9643
1886
4564
436
4489
5231
373
6566
9401
8684
5433
489
201
3578
7642
8127
1369
5104
3421
7875
476
4160
1768
6794
9905
9294
8074
8588
4243
3256
9196
9917
9263
5510
6614
7577
6823
8643
7471
5223
3690
8308
6490
4906
5488
9759
8987
8287
9908
3796
9264
7285
1226
697
7772
7704
6043
5843
4760
1371
4604
6854
9303
6928
7835
6165
5908
4137
8076
581
9308
404
8523
5959
1087
7536
1095
502
3482
9130
7709
6303
7156
2179
622
884
7242
3911
2206
8628
2751
8493
1659
3610
3631
7413
330
8835
8457
3048
4235
2334
2978
83
933
425
9347
5149
23
2233
2809
4857
7593
2351
2287
711
6869
1709
1876
5096
2427
327
2204
2147
5302
7562
3796
3664
4656
9046
5864
447
4019
9353
9259
4588
5365
1042
1456
9841
9063
1069
6808
7554
4258
506
7151
2532
1960
9852
9828
2233
4323
1401
1635
506
6451
1377
1683
4796
7832
2875
9806
1212
5463
2311
908
6600
9197
2159
1498
8619
3260
54
5592
8897
2575
2646
5366
506
7209
4449
165
2479
1209
8385
2393
474
7050
5714
1809
574
7047
5235
7552
12
9331
7752
4370
9453
6154
2496
5325
8288
8690
3635
7429
1210
9291
5662
621
7291
1125
510
4999
9812
1045
1124
368
5990
4536
7099
4490
354
4134
6058
6442
9199
5706
207
8066
6066
2897
261
9919
4388
2446
8714
2569
6410
8556
8054
6671
5985
1540
3794
9067
6095
6431
11
8105
1433
5664
4515
5437
4140
5567
1349
4942
5386
165
5605
2400
4482
730
5266
2329
5670
2651
6354
6006
7058
4695
571
5634
3957
73
3164
4613
1077
1841
8749
5450
8216
2684
9405
5102
1524
5224
4898
6057
6695
6547
6804
5932
625
5598
5103
7967
7914
8448
81
887
2545
1143
5568
2459
76
1073
5472
3099
1331
4690
8820
2320
8194
1634
1844
7627
4458
1626
9331
3918
7214
768
6354
4729
13
849
3442
6783
2872
5
2053
5110
5673
1508
416
9403
9185
2676
8969
9672
6846
7030
7785
6994
3016
6813
1601
1894
1066
3467
2291
7196
8066
5951
3735
8546
6044
8948
8968
2617
1035
8514
2415
5782
6070
4037
1328
2607
4859
6809
1596
8692
4431
27
6513
581
7543
3540
5376
3239
773
8551
264
8452
8051
4532
5354
1880
1
821
9205
1087
7159
8955
7181
933
1248
1620
6765
2759
4947
3655
992
6501
1549
7784
6421
4263
898
927
2320
681
6415
7616
4752
4786
8530
9973
1781
7389
9996
981
2225
1699
1972
9039
7587
6104
6605
7319
6796
1668
6029
7190
660
5891
5252
1807
9469
342
5415
9109
2990
5221
3184
515
8859
1662
1306
1229
6046
2468
4784
2402
3881
1263
2177
5794
9034
518
7125
6069
9270
2919
660
9646
7625
6105
3239
9954
930
2900
458
6476
7632
7073
8626
7272
706
7374
2450
6576
2576
6499
8245
8879
1629
4952
7036
4506
3851
5382
5680
214
5347
6753
2898
1513
4777
8363
2800
5777
9390
9909
1363
9683
656
5667
8171
2550
1729
284
4005
7017
8257
2546
6609
2668
2415
5240
723
8725
1295
2820
7496
3978
2262
7949
8300
2603
4701
7573
1875
4710
6738
6640
2204
4698
6166
4119
2369
1186
3905
9886
2281
7344
1371
7359
8465
7908
315
202
4446
5783
3082
9704
2917
7278
9503
9649
1162
5457
9675
3388
2464
9593
2652
3968
1321
223
5195
289
8597
4362
8053
203
9558
3374
8193
5197
283
3373
8898
9040
8150
6805
9560
2117
173
9150
5396
5062
4517
6400
3374
9145
2745
5140
2883
8361
262
4276
8466
5724
406
8962
8
866
2385
4713
8096
6772
3656
2484
7803
9959
3278
5646
3534
2598
9849
501
4343
2996
134
5552
4700
7397
7722
6238
3725
6357
2076
4840
8104
1184
941
3744
1682
2626
518
9224
5679
6478
5293
1595
2746
5061
15
2710
4741
7366
4880
7944
5765
5091
4051
8522
3948
9912
281
2415
4787
7326
4081
1981
8690
6645
5702
2111
8296
8009
7982
3029
2470
689
1493
6172
7226
9281
4516
2196
9845
151
8857
9965
2391
5819
8276
7477
1112
7671
1195
606
3456
8999
2328
5730
6204
4063
8069
4873
87
669
7533
8809
9689
4999
1972
6323
8050
7619
4439
1026
9671
5608
2191
4163
261
5251
3553
74
344
8110
8062
2386
8727
6413
3315
964
1850
6314
1015
241
1664
7094
669
4730
4423
1446
504
7856
2573
7911
1706
2682
4739
3130
3181
6603
1491
758
2133
527
8259
640
1891
3972
1842
200
6099
7000
994
8256
3692
1072
4356
3836
390
5521
7280
1287
4278
162
6990
6351
4216
1664
5264
5799
771
2460
5978
842
4999
8544
2865
8362
520
6224
123
2121
178
762
7637
6724
6548
2099
6627
3048
8431
1398
1970
2228
2836
8334
2510
6441
8600
734
5621
3148
3500
8791
4165
6837
7403
7619
4634
3587
2434
2936
6967
179
2087
3613
6531
2239
676
990
9194
2479
5264
9135
4662
3955
8077
6574
3657
40
227
6444
7115
2218
9492
5581
2570
4612
7803
5036
5432
610
5707
7015
782
4565
1562
4527
1061
7306
5059
7290
8847
7182
101
997
1217
2604
7016
2022
1026
1846
8739
6367
7979
970
286
4697
8258
3930
6162
810
9585
2940
6299
8774
6060
7242
9846
9679
7076
8110
8266
7949
2924
3335
6418
3042
4425
6292
4556
8165
2996
6620
9741
3571
3375
3819
9780
941
1602
1859
3941
4273
8346
5006
8054
8696
597
8537
9680
1794
9050
2818
3986
4562
4838
4423
3662
2347
8474
1290
7954
6954
1256
4720
346
7680
922
2685
4220
2698
3526
3827
1342
3016
4369
5982
1640
3613
9974
6077
2543
4626
6686
8814
6558
6126
5782
9524
2787
4251
9
6911
9585
3923
3570
2106
9168
9338
2404
411
2211
4051
8261
2564
7301
2890
2764
1493
8377
8823
8608
8620
8656
5715
6613
9929
4382
6284
260
3315
714
647
2608
7857
4178
7543
2718
2038
8026
4686
8237
9056
5772
3726
581
9167
5020
3533
5571
6378
1934
5967
8701
4990
9734
8096
6860
6446
2034
6081
6090
7780
1400
6155
6772
6338
4351
926
321
8904
3007
9184
2353
2656
3745
2327
1343
4795
8149
5608
1754
4691
3872
6861
3000
9608
6234
5826
675
3393
8154
8441
4395
6023
9241
4716
4402
8253
7836
4590
8548
4393
1703
1017
9028
1699
2858
628
9180
6209
127
8039
4447
4174
2570
7963
327
1434
7350
9519
7182
6719
4792
9224
1318
1222
5664
5763
2624
5950
4722
928
7344
5795
438
2164
3286
5889
4958
1280
6036
5765
7609
768
9238
74
9826
3132
50
8850
1011
5279
6251
9882
3590
6166
7373
6620
8074
2518
5490
9285
218
9744
2734
8760
8748
1155
1552
8614
4246
7104
7166
359
1507
3064
3111
5800
9788
8112
4849
6481
2179
3003
3623
1728
4076
8880
2556
3823
2607
9230
5686
6272
1887
1007
6817
711
3196
6486
7179
772
42
5562
1137
3542
3184
1388
2750
9500
6199
8809
5182
5609
6260
3610
262
4148
8129
2679
1237
7270
2433
5638
1122
9669
707
3803
3942
5732
9087
8733
7683
1417
9554
5996
4298
639
9324
4288
4527
8538
3447
8543
349
2053
2922
6277
8532
9951
2749
9225
7272
1466
1165
801
6636
8682
1714
7387
7301
9674
7693
1204
5802
9879
9575
681
1834
8104
8762
5806
8980
1202
8278
9741
7433
2763
575
1206
487
5628
57
348
6121
6516
6683
9275
1227
8972
3360
8419
3395
2283
4558
997
5674
873
7550
3770
3950
9692
5656
1006
3572
3288
2554
5002
4060
1988
6364
7918
7878
5186
4528
8054
1026
5357
8367
6634
827
8176
921
5438
9272
7847
1194
8996
1130
3868
512
6821
9690
4754
1845
1510
5463
7041
3260
4335
9463
6812
8937
3131
3850
9078
1283
689
1303
9288
8805
2246
8292
3147
7559
7153
9759
9009
3383
1578
164
3070
618
506
3114
1008
6199
1663
5975
5627
2498
2384
2360
5444
5676
2887
1245
1441
5039
2306
4052
4145
4854
3737
8939
1660
4316
1385
8526
1250
112
1679
7699
8079
668
3961
7124
6236
3558
9605
8886
9723
1960
1205
311
3398
5470
7011
2598
8399
2861
3303
2445
6894
4870
9755
6715
1763
4595
8893
9787
5647
4636
7726
3879
8770
291
2668
2400
5525
266
7260
6612
6454
3989
1964
4186
9021
5940
8059
7371
5283
5233
7014
7438
1802
3183
2736
3559
6896
4148
2307
2772
7816
1712
1932
4719
5937
7000
2283
5701
7853
1403
7579
4022
6633
6046
8763
5400
9021
682
5142
6422
1114
2225
4177
6061
1498
5624
6145
7277
771
6615
4434
1084
27
6539
304
1455
9591
6190
336
1565
6735
3552
9004
8448
3051
7947
342
5916
4643
4794
5630
5837
2422
3502
1881
5890
8681
6763
6172
896
5261
7988
9956
3338
3563
4112
4340
9489
4485
2847
7297
7843
6817
2032
6535
321
481
9098
88
3770
3792
405
7915
3097
3892
2137
5678
7813
4410
2669
1090
1611
9742
2146
959
8700
9125
8165
9328
1148
3531
7079
2740
8456
44
8136
3427
3594
1849
5083
6028
4781
3381
7322
6943
2614
7719
797
7468
495
4283
2620
4670
776
7279
2556
4175
2404
3658
2872
8814
8456
9914
9641
889
5112
3962
7421
6727
8087
3122
5547
9123
843
6977
5147
7628
4019
4253
32
6557
4213
7791
8456
1702
4971
7389
6101
3736
3003
3531
2205
2897
7597
4973
8110
4430
2827
1711
4182
6208
546
2894
784
6681
1631
2688
6692
6961
2816
1356
2747
2421
8726
1727
9693
8005
2170
1564
955
8423
4061
6885
8874
9938
1683
2031
718
6866
2694
3737
4218
3728
5709
2795
679
8949
130
1453
6269
7434
9731
3337
6966
9180
8161
5718
7349
417
4517
517
4240
7181
749
2987
6030
3789
3525
6387
5285
4634
819
4376
9299
6642
4180
9851
1294
5282
932
5341
2456
2557
6885
957
5831
64
1666
4985
9477
6804
9374
8642
9903
8071
488
8410
6619
388
2854
7027
7512
1583
9390
2504
9931
558
6257
1356
7222
739
2584
6485
1512
4103
1625
4194
4843
6769
8934
7587
7332
6053
8268
5079
4242
2090
2307
5321
2328
2871
6336
2153
987
6199
1131
9828
887
7643
4695
0
9235
9490
3533
4322
5021
3162
2697
9472
147
7339
1260
7176
910
840
4124
2654
6972
9345
3014
1488
5285
9223
4796
1945
6125
8846
7617
9182
5680
5555
6415
1512
7696
344
4479
2184
5006
3554
3010
5198
4718
7222
2194
4709
7239
9339
5091
643
4632
115
2727
273
176
7392
1519
3036
3986
57
5431
7941
3790
8508
9734
2539
849
2286
2195
5174
2230
2886
694
6228
2175
9274
1359
5035
3786
741
3481
8597
1646
2085
9347
6815
9371
1880
1190
5742
7988
540
1706
7368
1733
8972
956
650
2061
6173
1237
5051
8961
2556
2515
9400
8498
3757
1691
4776
5052
3563
8534
8690
4793
2054
9613
5672
5030
8215
8184
5123
9430
4585
2416
503
3702
4913
5023
9219
1524
5799
2236
5349
1726
9455
3225
2469
4779
2811
9434
1681
8747
9046
6417
610
1498
2518
5283
410
5290
181
9337
5458
6439
2178
4078
1511
6450
6383
6567
4243
5606
4073
9135
728
7504
4262
3447
5173
7236
1509
5851
803
9608
2221
227
495
6016
2322
9718
8492
1493
2590
114
1943
555
7951
991
7392
9937
6157
9913
9233
7503
4070
3654
5918
3061
1446
9026
1994
4438
8509
3807
1086
8348
6381
9992
6459
6013
3248
1297
7442
7543
6803
8446
4521
5674
1175
3532
5209
97
805
3550
1381
8292
7983
3594
5715
1141
971
9967
8335
5605
3698
1187
3248
1651
1367
5426
303
3213
1718
1708
2090
5021
6913
6419
2348
5279
5765
5384
7629
5425
7918
2895
9864
1407
3699
7297
8806
7697
6589
443
6047
4015
544
1949
9134
468
9756
3178
281
2760
3266
3187
3926
2541
800
5818
5503
3503
5806
8017
2911
9328
579
3061
303
5402
8222
3654
2888
5708
3073
4320
4493
1893
5456
597
656
18
6201
1291
2154
2148
9128
6808
3444
4689
2901
2588
1572
9601
4492
8970
6621
2244
3960
6084
7542
6715
5960
396
5082
6893
6225
7920
6721
9992
6713
4948
2560
430
5326
3035
2605
3991
9649
8663
5032
7552
3143
7899
1829
2415
5193
3568
2684
3350
5958
932
2866
4136
8729
4739
1512
1708
2866
8962
9464
8008
2768
3361
5190
9927
8305
3076
4765
494
5348
917
380
5953
9716
6023
6762
5907
1447
5975
625
6090
5494
7972
9549
1578
2983
1035
9436
2112
8081
9333
4200
2464
3953
7509
1719
1641
7337
8537
9278
4512
1385
9050
2307
3456
7360
1987
3308
4690
3141
8136
4507
1582
5280
2790
4542
5308
9823
5889
1701
3269
738
6140
1621
7767
8004
2374
5394
5740
2880
7942
7704
1252
7561
3553
2639
652
9076
2215
3152
2965
3094
2540
2283
6275
9050
7906
9549
2240
514
1976
5702
7378
7971
7888
6107
678
61
3485
583
8363
1945
9508
3588
3808
8317
6528
5389
3049
1653
59
6131
52
1537
7755
9212
1527
6033
7233
9952
3350
8206
9760
9954
5370
3461
13
1251
3078
9912
6916
1725
2677
4273
8377
6923
4861
1032
7853
814
1478
7376
3037
2358
3158
5044
2891
618
8496
7541
4380
353
5794
3447
8538
3041
1388
9152
3171
5391
4732
1978
4817
7799
9533
6159
9389
6915
2215
9434
5190
5827
9979
5081
3886
104
1842
5891
373
8484
1542
2086
2649
1804
6314
4198
5393
1911
9371
2479
3889
5022
4995
8095
9883
7201
9573
2156
1543
1989
4320
180
7804
1879
5798
9100
6744
2382
8020
8230
404
1034
2063
264
6742
99
6775
293
716
8052
932
7436
3914
1381
1106
4733
5357
7339
2178
606
771
7019
6453
4577
7214
6022
5981
317
2677
8655
1489
854
4793
3154
1897
8164
9346
4720
1395
1738
8211
4074
250
9036
9162
4925
5424
1303
554
9512
7173
876
2694
6092
4538
8568
6543
3664
3541
643
5209
4838
4404
2732
4836
9792
2676
5662
6251
4362
2277
3181
2124
2659
4708
551
2469
2556
2663
797
9811
9557
6943
591
9863
5277
6858
2736
6693
7523
231
1950
9262
1590
9568
7468
3433
3202
6477
8134
1239
4172
6645
1145
7253
9321
7663
9047
3608
394
5420
9142
9063
7203
7079
5635
8991
4328
6810
5078
6351
5909
9309
3725
6687
7726
3843
544
4031
9531
2409
7502
2253
1276
4073
7857
4465
5170
6738
9843
2039
1008
5883
2435
2031
3953
9147
1209
6487
4979
149
989
3042
9967
2763
2653
1792
2335
272
7618
623
9460
2787
6719
1399
2016
9260
1886
5178
4149
1058
2048
4154
8950
6888
3123
215
5202
1742
5249
5686
2649
515
511
7601
9205
8559
4740
3050
5428
1487
6218
512
9273
4194
4227
478
6419
2020
9214
1352
3035
5722
3033
7741
2452
863
6588
1193
883
9434
5001
6853
1974
6666
1089
3116
7668
8927
4248
5861
3464
9709
6814
8783
847
1949
7789
982
6491
7291
5987
1025
1437
4562
1191
5811
1731
883
2851
1381
2055
5528
7683
7179
5096
9714
9283
7045
7764
7600
936
2554
413
572
1746
9359
1660
7345
5132
5804
690
2360
2999
15
4563
8447
1469
2775
3452
9615
6579
6681
9848
4831
2592
784
2315
3125
113
9097
262
4282
6645
5151
1167
9306
2473
6712
6491
1468
6067
290
6688
5169
5680
217
449
8683
8778
2738
6261
2077
7077
4602
5454
3653
1757
1483
3148
1018
2189
7820
7708
7418
5945
7073
9830
9015
1680
3093
5716
320
3132
3957
1372
481
6870
4070
9971
846
7347
9496
5251
6706
1056
434
8435
1511
3758
7254
1852
2629
4286
2309
6535
9714
4431
6961
2486
2402
2871
9596
8075
2465
2657
3245
844
3711
1284
4559
4064
2014
2430
5479
1969
8760
5401
11
1178
7719
5435
235
3610
1254
8118
9442
482
7087
4250
4859
8909
51
5248
5091
6845
2435
7523
4287
4894
2626
1044
7982
2034
2473
4774
1104
7177
4146
3343
775
6146
2030
1888
556
1109
6369
1744
4934
1651
2485
3045
502
848
429
9895
8999
3666
7974
576
147
8052
7350
1208
1178
6015
2302
4447
8191
850
5601
6576
2418
4157
5705
7536
4214
5198
7037
631
2283
2210
2064
9482
552
9270
8831
2531
6813
8541
6618
1217
8053
1302
8653
5946
2599
973
9262
1478
5483
4944
2034
380
7941
6100
1502
6759
2429
1465
208
417
1062
7162
9011
8780
3073
8826
3962
1817
7340
6010
9116
2635
4920
9314
6898
4067
7411
4709
906
7983
8653
2336
3655
204
9188
8463
6449
494
5056
4717
2423
1380
8627
7103
4188
1652
6879
8911
4121
2757
7165
6210
4948
6278
4599
1498
331
4554
2389
5092
764
6038
3068
647
4084
4433
3017
5034
8014
6231
9934
3443
8105
8442
5640
2701
3788
9839
1121
9844
2724
527
6185
407
630
4616
7865
3720
6790
1031
383
1116
8336
9807
1024
1183
2064
564
2365
730
7933
1423
774
881
6796
1162
6079
2987
8915
8865
8474
9450
1071
477
7609
1639
3120
8381
2422
1057
4758
1764
6496
1845
7386
6179
8978
9998
8690
7973
7947
3301
9443
2843
9276
1187
394
9277
7228
9821
467
2515
4711
6475
7290
9830
7954
1308
6406
2093
2903
9510
7840
2423
1902
3645
419
8601
3081
1296
7412
1731
2082
7799
1754
2758
5770
497
1446
4394
6921
2368
8083
1129
3594
8884
154
7685
4284
1940
448
1295
868
5350
6466
3322
3855
6775
1442
3245
9179
2326
6801
6027
9345
403
8345
7224
3045
9693
6560
5530
3535
921
1842
5013
286
9382
9090
8846
4211
5074
3945
2554
336
8538
1715
2179
7388
8794
432
8371
1749
2959
6076
5219
382
1831
5898
3318
8058
5046
8521
6342
1525
3075
4385
9315
4112
1596
2050
1695
1419
8902
9862
3462
1196
2717
2551
4121
845
96
1634
2199
493
6109
4045
5539
6389
3928
5364
9146
4686
337
6940
660
3125
4786
8796
9154
2384
1135
8699
5850
140
6155
7135
2633
1322
3513
1997
6150
3117
6675
9735
2270
2040
78
4639
630
7398
1371
9198
1067
9272
8565
6547
6953
6645
2081
9660
3433
1047
56
2759
1738
5152
5163
6204
4178
9989
8531
9255
2673
1933
7354
9219
4383
4418
678
4139
4303
5696
6143
3057
2000
6787
6411
2723
2804
941
6583
5829
4847
214
5162
5841
5495
4543
2616
3480
4289
8928
1822
3117
2741
7277
6553
540
5363
8114
7408
2243
9481
5173
8584
9636
7589
7428
9772
436
8731
8180
2746
2127
4349
744
1410
4668
5129
9712
9747
2405
9123
8505
8366
4730
8342
7969
8764
5659
7526
540
1744
2709
6494
1971
4636
2067
32
5555
6526
2541
2656
1075
5095
2118
3916
6606
1270
8326
6056
2603
8911
6866
1390
4308
3408
3125
7805
6142
1306
2503
5272
512
1616
9943
8609
3839
7542
6048
5319
9691
8235
1481
1618
2884
6515
863
9313
4222
893
3779
8331
5708
5296
7779
2061
6091
5887
2452
9638
8947
9868
7743
2968
4828
4168
706
5437
6304
8909
4950
2164
8051
8443
7584
2824
2942
2725
2164
1799
9711
8414
348
9420
356
1396
2033
8660
532
8421
6454
2512
2371
7434
5074
1532
3394
2991
2409
9529
5440
409
9180
5839
8546
9906
6298
886
3893
9511
1322
1953
3353
2886
5240
4190
5661
8067
8021
1437
1241
5612
2282
1454
2951
5355
1404
2908
6868
896
6523
2543
633
2080
2350
2639
3247
9069
8189
2295
3398
8256
2379
318
5123
872
8014
6625
1280
1760
2868
9967
8756
6805
6683
9950
7769
7813
2377
62
4538
9906
7932
1843
108
8496
5103
7116
1156
4354
8944
949
7960
5943
8110
9520
9158
9859
7820
6405
7418
6231
5208
9313
3304
6736
8755
2303
9979
1824
3432
4220
8156
1259
1110
8372
1577
8121
4057
4849
967
3400
3839
914
1859
9620
28
2148
6524
4837
9987
2324
5882
832
9641
2799
2045
415
5481
1287
7757
1707
4922
396
8104
5410
1181
1538
7122
3962
7330
5203
2774
7531
1565
2605
8220
9169
1151
2878
7980
8957
3902
7821
734
3281
2271
3070
3536
6539
8965
1549
8114
5672
9760
9100
2750
6499
95
9865
3841
151
6246
8568
4656
2814
4872
2138
2416
70
5996
9112
1212
113
9606
9263
4875
5829
706
8262
1557
254
3662
2377
5846
1996
4067
157
1866
644
3213
3747
2143
8122
1928
828
563
1769
2690
269
1427
636
5052
2040
838
5416
2254
2136
6221
4623
1288
7536
1286
1453
1916
467
4587
3498
2703
1655
4913
3181
9959
2050
5749
7671
5942
4423
9668
600
8008
4105
13
7540
310
1117
8400
2894
3831
4859
4295
7582
6335
1076
7596
8181
5660
7157
2988
2413
2028
7175
2752
5894
5932
7219
1686
5899
4118
2812
9775
256
4464
9212
3482
9231
2502
5109
2371
852
2497
4962
3635
6516
5191
5623
2284
5994
235
1186
3012
9990
2669
4085
8702
9783
797
1870
7535
8269
6555
4952
6678
5372
816
272
3214
8048
6621
5517
5386
2986
473
7384
2090
538
412
7878
4080
4135
2287
3179
2695
8601
8460
6308
5773
2297
7629
8792
1413
3076
1027
3589
4806
2562
944
6611
1137
6399
869
4862
5304
3265
6161
7233
820
7128
6056
3863
1404
6592
163
6689
621
689
1972
3261
5612
5633
1858
9884
4757
1447
7874
8019
1043
4890
5549
484
9726
6760
2190
2220
8617
6580
9257
8729
4297
8298
7679
624
4078
8270
743
7149
3153
7058
2811
2620
5088
2905
5740
9982
5073
7345
5109
271
3674
4636
8749
500
4764
2733
7319
2163
4275
7036
2867
1793
300
9955
9579
700
1613
3292
4322
7397
5497
5815
3784
1380
5232
9210
472
267
7651
324
3309
3397
3441
3296
7013
965
8112
5225
3433
3050
8156
7954
5225
9930
1629
2543
2021
3185
5981
527
3548
2148
638
3428
1971
6500
1240
6092
8553
389
1091
14
728
2530
8014
1578
1933
5297
6646
7974
9216
4263
7538
4635
6913
2342
9921
7636
2307
5430
551
9763
1719
3527
4872
3672
421
9787
764
7079
5887
3580
4539
8872
2651
7242
9226
1115
4690
7085
3317
3080
4849
3444
7686
8829
8104
112
7358
6873
943
3047
5622
5529
3428
6589
571
1445
920
247
8388
2144
740
6003
5983
483
337
1949
8605
1046
9880
1797
7153
2713
2018
2026
9732
3207
5151
4491
6671
1960
2703
965
1183
6047
2213
5503
5124
8951
2287
3442
90
481
964
1233
5658
2973
9310
3799
1840
6962
8920
2304
9432
1875
2850
2462
7269
3482
8468
3077
9431
5734
1096
1315
1391
1513
5670
9082
1994
3987
3783
1484
4309
7730
591
4718
2644
62
8301
6493
4316
901
3880
1651
3038
1163
2035
2701
3582
754
6351
9173
6693
5568
2842
3839
2856
5812
4810
3542
7956
2719
1700
9220
3647
8748
2183
6551
6565
6600
3073
9225
1109
1358
6420
9230
8637
1245
4703
2776
3353
8105
7747
7951
6649
9961
1690
5478
6357
4805
7469
8037
7564
3082
8303
5277
399
7606
12
6992
355
6443
2600
4979
8694
1567
8847
2895
7438
3916
7488
2683
3725
3361
8426
1997
6978
7482
2892
2493
9595
6338
2133
8066
4214
6904
1829
9316
6552
7590
2408
944
7496
105
7353
7764
6005
5685
292
4086
9494
8272
1289
8975
6002
5270
9280
5769
4197
6766
4907
6639
4439
9174
9643
6538
9085
6080
311
2012
2728
5674
2822
720
2012
8170
9307
2609
3372
2612
540
2706
2635
3476
214
6457
8418
4557
1848
3899
5371
7578
7696
6224
7980
4056
425
9293
6662
5340
4991
2309
2007
6339
5354
7739
6772
5756
9174
5571
3587
465
1728
9479
2476
9824
5404
3730
8898
8402
26
8423
875
4218
2720
2285
5942
945
1091
1287
9216
2243
5846
8462
7163
2222
928
9125
6894
4641
9168
964
3602
5517
1109
6355
3471
4908
8438
7652
2296
3195
7299
488
1630
4879
7417
5180
6506
9014
5074
4881
618
2714
1591
1456
2365
3471
3883
1109
1865
3906
7475
9658
63
4314
3827
1633
3383
4686
5165
6102
4868
4545
7798
4182
4632
2294
6252
3522
2019
1121
925
2605
6996
7215
737
3306
4244
1153
5384
4572
661
2697
1017
8012
6547
7087
4611
1020
4993
7950
5701
751
8087
7274
8013
5465
1894
4792
6900
4187
7286
2108
9556
3340
6078
7335
6710
2572
6357
1081
4477
6087
1098
8526
6516
3414
8025
518
6075
391
9922
791
3368
1529
4830
2655
9553
7704
1503
6299
8537
7838
5741
6030
5284
1665
7848
4729
2729
3315
896
9989
8096
8578
7066
1735
5603
9804
7459
507
3189
4736
7572
3196
5755
2152
427
1175
9142
8909
4861
3574
1839
3395
6047
3389
9259
4036
1126
6654
7989
3382
805
2117
9998
2375
4706
2735
2472
6615
3677
7694
6043
1978
3420
6923
3659
1832
1612
9774
5865
7259
6674
6210
695
6336
1027
6673
510
1551
8047
430
5948
1644
4898
2632
7353
7981
1767
3065
1760
4306
734
877
2609
1918
726
4857
2144
9102
7573
7368
6688
47
2199
6631
6020
4864
7668
2049
425
5479
8524
8978
509
5231
7208
8675
6925
7771
1012
6036
2369
9888
4081
3600
451
1763
6058
2718
540
2452
1661
2092
930
4738
1708
2859
7467
6504
5415
2141
5508
8966
5780
8050
5371
5061
406
3839
592
1530
4045
1614
1941
3101
1627
1383
7781
3363
2062
9056
8621
9701
1395
2999
3034
3434
2607
221
664
1508
5113
9843
2914
2562
3589
8996
7440
3078
2386
6465
8122
6449
7487
8780
2381
240
8210
5143
2401
3208
1927
2489
424
9681
9513
9419
5324
8412
1790
7933
5505
9448
2826
3439
6622
1463
4559
3233
5124
2249
2436
3044
8868
1594
6797
3164
6040
1389
64
1595
7233
7959
3862
7237
8728
6727
150
6068
2479
1060
4990
9750
5088
5387
3257
5961
8496
1033
9084
7777
8334
1034
5072
7583
7305
8969
2452
7705
9533
6595
5887
84
5847
8919
442
5875
7810
1722
7141
5178
8770
5701
5721
7791
9547
2652
6328
6891
5519
5748
5335
2476
185
7214
676
7769
1320
6923
6535
8171
3744
5224
8534
7464
5874
9267
9262
5523
686
1046
5712
2662
9113
3007
809
1475
4985
6651
596
7689
7029
3020
327
2776
6360
1295
4853
505
100
9508
6144
5929
9999
430
555
7037
1125
5119
1224
1658
1875
4868
9081
9179
6312
9348
5920
1353
3480
9990
7077
736
249
2138
1619
1426
7447
5872
137
9150
9006
7120
1687
2414
9420
8100
1431
8558
2234
1703
5015
5360
9102
7144
6333
6309
7231
2973
8970
804
6904
4595
3712
8690
7521
9799
7316
9536
1070
734
461
1799
224
5859
6886
188
804
7905
7570
6525
7721
1652
923
7771
7121
7324
1778
376
4911
6772
3952
7747
7574
3416
5374
9597
775
7337
8833
3813
6356
4994
2216
7475
6593
934
6004
3588
8282
3306
9541
3593
8459
536
4256
105
3898
1413
3889
8627
9220
3804
934
1228
9306
7663
1098
9012
9830
732
897
8271
1164
1549
1484
7176
539
7729
9383
838
8125
6026
7609
9927
3206
7507
3631
7468
7194
910
8064
3049
7907
6244
7766
5892
184
9568
5142
8943
2383
8899
8782
2518
6568
3263
2983
3882
2373
734
5144
7471
1932
1572
1729
2139
5841
181
3741
9501
2446
8339
6633
2084
1079
9200
2842
919
1502
2386
396
5082
2961
7098
8304
4525
665
2318
3888
1494
7527
146
7487
4614
8985
950
3260
7768
7065
5289
4293
1444
9361
5539
1617
3387
6729
9656
632
9385
8817
3164
6683
7868
9504
3527
1358
6802
296
4684
1068
1422
3783
5271
8389
8992
8354
1716
8780
4619
3760
4201
6603
1372
1907
4316
6438
3828
5197
2004
8921
6135
9190
4442
1807
1420
9540
8260
384
5751
8272
6297
25
468
4047
54
3139
7399
9557
6923
3498
1425
9634
8459
4235
190
32
3029
9739
3964
4716
5278
3266
2674
122
5313
6682
4609
5718
1541
1132
9547
8904
2409
4250
8471
6345
1380
5869
9460
6379
6175
2323
8895
3511
1481
2361
9932
2415
1062
1560
9094
3104
5917
2544
2280
1680
3128
7442
7220
8572
2728
7135
254
770
9300
5864
3426
3818
8011
2958
399
4105
100
2618
1424
4868
9624
8402
7167
6475
1587
1639
8204
6064
7767
1702
6593
1605
6265
9914
1022
5459
6879
7998
7247
2896
1503
9451
8077
7497
579
9629
1038
3992
2058
3143
5389
3
5586
1385
1300
3895
7740
3872
2261
4419
6549
705
2850
1906
1358
8559
6999
7151
5397
3874
5490
4097
1817
3755
6082
2467
5427
8883
2265
1565
4726
2355
6378
5868
5007
8121
2864
2335
4740
4617
5916
4112
5392
1124
1120
1622
1596
3062
2582
6775
9860
993
2784
3635
6826
4449
1379
2762
5235
2564
7801
5557
9040
2872
6434
1765
5400
3195
9691
8188
6067
1629
8566
675
4833
9545
6013
7474
1191
4506
7185
9813
2013
598
2526
7803
9666
9666
529
6473
2862
4768
6966
8966
6958
9772
6812
9355
7216
5570
5213
2115
3457
2355
526
290
45
3098
1558
443
4322
6431
3907
4100
9952
5542
5419
8864
3440
3404
5900
9578
8569
1191
9147
761
1465
2292
7983
8179
4486
926
8459
749
2437
6703
9624
1492
3615
523
8029
5784
2778
3776
7827
887
4705
922
3289
7822
3334
418
5247
5935
7258
2552
4857
9713
6570
1073
4103
2900
2474
2078
2997
4990
6794
446
4606
7938
2763
43
5121
1953
5549
3940
472
1013
1944
683
5269
7179
4499
6859
8307
6232
8477
8406
9151
9501
4537
7506
6839
535
7261
4095
9051
6182
1336
4585
3435
5637
9359
7017
1537
1679
8179
5718
2588
4909
1983
9312
8850
941
1403
275
6798
7333
6409
6089
2675
835
1422
8851
8777
5987
625
5355
1383
5462
7427
9809
8818
1249
2671
6290
2640
3658
7234
3129
4133
9183
2540
1840
1593
9088
6774
3442
6122
7398
5414
6251
7209
1460
7072
4825
4483
6511
8991
309
7590
7179
9159
2677
4381
8260
2144
8783
8328
8092
306
1590
1517
1738
8742
6615
3894
3096
1597
3294
896
764
4491
2849
6302
1269
4056
6547
2211
1718
657
3960
6392
7179
7177
503
8498
800
3569
1491
1331
6680
6012
682
363
6659
4825
5289
4509
5951
3415
6461
483
1363
7281
7625
7398
8243
4269
354
4956
9104
4093
1851
1049
2813
387
6470
460
2596
5672
6430
5510
7097
1223
7974
5512
7616
727
64
2260
6604
8027
970
5166
8241
4829
1155
2475
8043
5097
6751
2165
1283
2412
2840
422
168
8720
6215
1542
785
4584
4450
2025
8521
9369
6903
1018
3403
2734
6451
6041
2747
6725
7310
4442
5565
59
9040
1878
594
479
402
9738
3225
3366
1857
4495
1306
5890
5072
7761
9328
5551
6951
4872
1628
3841
3364
4621
7931
67
3272
3106
1868
122
2892
9791
9859
6068
5714
8784
4563
4320
2905
2783
7784
4879
6086
7791
5316
3875
2536
6054
4543
6752
5877
9172
3069
2881
2946
1571
7466
6590
7132
6307
6368
7090
6531
6373
2762
3355
3394
9199
7349
5371
1075
5632
7403
1223
4314
431
4497
5677
2267
9812
8927
5480
3720
1819
3761
7458
2637
8038
6158
8040
706
3032
8442
4758
2262
6863
9334
4298
375
4728
621
5115
7600
9060
7939
5136
3112
898
5415
8085
382
9930
9034
1963
1810
837
7829
2330
9117
6643
514
328
7223
1801
9026
4046
8285
9326
3157
5917
2731
7048
6490
6058
387
8591
9312
8465
5124
9450
7843
3381
4399
8228
9306
8306
3730
9846
6427
7752
8758
7516
4923
1243
3215
1198
2259
6896
6962
2097
9529
8166
2612
663
6862
4493
4277
7903
2086
4935
8012
2998
8584
404
9820
5741
9303
1253
7433
9768
6686
527
2098
1706
6129
4271
5766
5406
2081
744
347
4439
5038
112
7184
1208
6852
4975
8270
8184
1950
3975
1039
5762
416
3486
5252
5482
3704
4961
356
7122
4469
1252
6602
2247
5996
3717
8031
1439
5637
5114
7428
352
9690
994
7982
8855
5841
3080
8293
4306
6945
1355
5727
4788
4853
6274
4528
9679
5074
3749
1546
1263
4380
487
9430
1383
8743
5118
947
9146
8808
9487
4114
1999
311
4692
8795
9372
9182
940
7206
360
230
8553
5197
2725
7675
2385
1170
1482
35
1056
7826
7141
8053
875
1900
2281
9237
7592
8765
8444
8980
9904
6013
1812
7149
9727
6719
6891
966
3415
323
2414
2851
6151
7587
2286
634
4751
101
8787
4157
486
9333
2539
7564
3317
7796
5617
9170
426
9043
373
5037
659
2892
3146
32
9260
4931
82
9551
1919
1596
221
8209
9378
7113
4550
4221
1799
3172
5935
7067
290
9513
5308
9257
1445
9529
8517
885
5848
2650
517
4604
7079
1449
1334
3916
6626
9913
1508
9265
8891
194
9988
9291
3632
5771
659
428
1274
7457
9254
3512
3356
2359
4427
975
3738
1971
1792
9079
2427
5475
8349
1276
1034
8076
928
8871
2564
401
8269
8705
9496
2221
5424
2501
1719
7160
4594
2748
887
5897
5987
1654
2744
5175
647
3774
5876
9687
1001
3565
6144
5006
5114
5680
9896
3324
7398
89
4163
9503
5827
6909
985
9644
1166
3834
8320
4369
8693
7883
4901
6659
889
6479
3393
3044
1377
8502
2856
1404
2619
9283
3147
9284
5953
1651
9293
7442
957
5117
4209
5338
2476
5479
8869
7950
1064
4401
2757
2090
9834
2329
1368
2070
6872
8093
7647
2657
8563
3685
699
16
3398
6285
1462
1358
540
1760
1404
7604
3802
9386
7368
2106
6581
3691
1385
5730
948
3200
4525
5563
6022
3028
3835
1388
7120
1722
2489
2954
6985
4883
921
871
5482
6981
2051
361
9682
5611
2203
7915
1813
678
2945
1785
7632
7856
6092
9563
3096
8820
7760
570
8096
3950
9638
6328
2972
3239
5078
1716
2549
9155
1593
6247
5756
8901
2225
4261
4249
8779
4860
6641
4555
7430
417
9665
6891
254
1570
4661
6240
7729
4003
3443
6961
9511
4370
7239
515
8111
1680
7271
5702
9534
9041
9820
324
222
9462
6043
5182
2811
157
4507
9104
2136
1138
7110
2280
4670
1896
8695
8323
1519
3908
3822
9121
3921
179
6927
9521
1390
8737
5727
5248
5025
618
488
1738
3185
8650
9239
1781
3522
8843
6403
3455
7940
6634
3266
3493
6390
7698
6262
2036
6901
3829
189
3911
4598
4709
5127
4504
4310
7328
2032
5593
1665
1935
5788
4532
3440
9316
3456
8949
8230
8217
4144
3116
5870
7541
3355
1349
6670
7863
6126
5460
175
1998
512
3502
461
9389
5739
900
2164
8705
1682
1209
4228
7924
5709
4158
6232
5629
1613
3356
4691
1076
9241
1746
3778
7432
3145
6740
8271
9541
6741
9716
8291
5759
4364
5658
1935
1144
5118
8893
3660
5996
7951
6638
694
3476
9934
813
7450
1931
4407
1098
462
4006
4602
518
2932
1754
6183
6150
2689
3664
725
4078
551
918
4629
8214
5412
8984
1019
2345
4330
4209
190
7547
8841
5570
9547
1148
9812
1674
8614
7279
9071
7378
8359
1523
4188
6132
4860
6134
2924
4961
5921
2568
1381
6869
6442
4602
8789
1880
892
7107
355
4047
8299
9670
4123
1148
5323
1025
6682
4013
1552
892
17
9825
40
6067
759
2530
2108
8844
710
3648
6039
127
7559
1466
9308
1085
1463
8126
4642
5473
271
5331
8246
6047
1793
6472
7733
5523
3783
1680
3855
8238
2597
1001
8872
2967
9270
1382
8646
2028
6523
6498
11
9207
3745
6149
4984
9528
8807
5975
8044
1719
7735
5282
1022
6372
310
3294
5878
6170
1954
3114
6698
1210
1021
8825
8238
6431
7641
2235
1262
740
2334
5778
3701
3177
9724
8056
4067
1856
455
8533
2096
1045
8756
8534
9223
9351
2399
9925
9614
945
7154
1392
4568
7304
2058
7762
3983
939
2737
9273
61
1159
6093
4779
1602
155
4867
6204
4935
8366
2018
8867
7490
6157
9994
1591
7690
342
9525
164
1899
2573
461
8705
2499
1314
5686
541
3352
9130
8249
6854
8454
6768
12
6109
8963
9179
9195
1486
9278
3885
607
6600
784
681
2168
1133
111
6482
9120
1606
918
7464
2546
2940
8837
9166
3386
8151
6044
1150
218
1213
2105
6647
5043
2341
6899
4028
2317
495
4858
4372
2071
9613
9293
226
4942
1245
7954
6029
2887
100
4545
1239
4725
8337
7999
1320
8140
5364
5926
8069
8107
8757
1050
2707
8110
2605
6222
7702
4497
3408
7222
8616
995
6811
6197
6850
2039
5124
1524
7315
1266
814
9290
8741
3437
4833
6657
2130
8900
746
1023
2933
8195
7765
337
2461
3165
4284
198
4115
5582
1629
2461
5476
3467
887
7136
7354
2304
6136
6146
4265
667
6117
6882
1258
7473
8715
5853
489
6123
5591
7354
769
4651
3926
1094
6250
4608
4085
6260
4697
542
4619
5506
9408
4311
2796
7443
9462
5226
5056
3217
3639
4535
461
7690
2060
7980
9202
8879
3650
1767
510
4036
7527
6763
3101
4993
7251
3867
5911
6002
1793
4997
5830
9072
463
2617
7279
6612
112
9890
7299
7448
2264
6753
3791
66
868
3989
7393
7867
8937
998
4375
5413
1133
6171
7497
4249
8706
8343
8514
711
2498
8625
9535
6414
3236
7921
4570
8306
8223
3260
157
8565
5330
5474
9844
997
3851
9652
4556
2732
2031
8777
4316
5521
8734
2403
5019
4393
2222
6940
7847
8605
4823
4518
5705
6869
8972
6787
1460
5874
1926
4658
3860
7898
859
3117
610
4400
9161
1471
3838
6699
8689
507
8487
9794
6684
103
5453
4264
9474
7297
4710
4827
1527
8124
3424
315
3457
1753
232
5129
278
8525
510
1795
4176
5309
4639
2176
1395
1075
3025
6302
4728
8628
1595
593
7795
743
3223
3245
494
8557
9868
4215
4583
7246
7478
7180
5312
9624
2489
514
2605
4420
9620
2678
4498
6412
3207
6570
7138
7971
2841
1388
7097
8779
3844
2742
4088
9208
162
6799
2626
3069
7874
5770
6883
333
6232
3964
1518
411
2561
8933
3628
9789
5342
6282
2817
7823
4144
3339
1123
1257
5886
2348
45
8106
9223
2458
4040
2735
2743
5401
8805
2980
9835
5422
8832
9900
990
7715
1888
1158
8570
4215
5575
8900
6469
3356
4014
4142
3541
4113
1127
683
6635
7358
6187
8023
7217
1183
867
3684
4846
8370
7564
878
2352
1556
4517
4633
461
3260
3541
9352
9659
1589
7124
9436
9204
9019
7512
4240
1273
5744
3081
2821
9736
6192
5437
3147
9394
6230
5947
6770
521
5567
270
6383
287
8433
4478
2816
5232
4270
4719
2273
5995
4275
3406
5906
9915
5113
3856
192
8245
3715
2131
4895
8
882
6074
2366
4522
2895
8162
1823
7402
7402
1124
2322
582
1056
1233
5082
6059
4958
971
7648
8771
1355
1530
6233
4088
615
3665
1109
8087
5973
8169
2009
8618
7828
6444
539
3453
7877
81
3798
4351
4829
1629
8556
4616
3072
3752
2715
2810
7320
8972
233
203
9906
2291
2399
4612
6752
386
9305
9279
150
2005
567
9665
149
3255
9554
2531
2036
6256
2765
3814
7645
9943
5385
1380
7815
2984
3825
8292
2192
2696
3522
3530
102
5699
2566
7312
827
7536
1362
7498
5285
6433
8680
9129
8105
3284
1744
1890
4220
4920
6683
1173
659
5998
2907
9832
5548
6327
9935
7184
5427
6193
4216
3017
5642
6508
8955
1596
3455
2523
5365
509
2868
3459
8517
5923
1435
6141
944
7160
9149
9054
3095
3686
1995
855
1665
5478
700
4866
9392
1574
1716
7398
3283
3950
6087
393
4436
5339
3031
4530
2604
8804
5792
1539
4603
5310
1490
4265
8022
521
6759
2557
4670
8783
1380
114
6465
9325
2921
4431
8428
959
3534
8787
5957
9876
3459
2246
7002
2759
4025
3865
5876
6662
6642
1111
7644
2722
161
5698
4283
2415
5627
4076
1955
5769
5263
498
3616
8928
3260
7303
1160
6708
6666
8433
7917
894
1179
4466
9759
8250
1453
905
2238
4917
459
6299
2403
3762
4361
1309
8070
9837
2313
5941
620
1356
1697
4332
8166
104
6928
2209
4061
361
205
2771
1869
9837
7892
4844
2644
3607
3643
1625
4726
4368
921
437
1530
5911
2604
7571
3693
9744
2013
5227
3162
2428
4814
5711
8368
9696
1596
2627
5956
5340
6560
5541
6497
8849
3637
5917
1771
5272
9469
2067
7872
5134
4163
1611
5558
8525
1185
1017
1440
8415
2381
9932
5487
2216
8229
5387
2271
5564
4628
186
790
5233
3150
6078
1982
5574
5386
2198
77
1560
1112
3871
9419
8354
481
6058
4609
3897
6949
1021
1390
386
2468
2793
5860
9652
9928
8654
8371
6599
2021
4026
393
8271
1768
6552
4481
4207
2567
1890
5622
3723
4070
4275
6904
7898
2632
4759
9455
8962
2811
2549
4068
1218
1019
240
4897
2776
2914
6399
2190
5476
2230
9739
8951
7327
3693
4727
4415
1674
8772
9646
7112
4889
4380
7818
1075
6956
2006
679
7693
2530
2237
6166
4264
259
2003
7913
1101
9806
6266
7874
5227
7603
638
6599
5766
9915
1809
1203
942
1453
1754
2094
79
2829
8631
167
6944
9741
7980
4937
334
820
6471
9740
2741
5120
2491
3433
8094
3595
9607
6868
479
467
9559
5863
5263
3720
4016
6649
1960
8048
8965
7847
706
5485
9484
4296
9966
3193
5799
8925
5216
219
8362
9501
4529
1664
7543
872
6323
1641
3106
5533
9684
1525
8230
766
6985
8305
9819
7326
4102
6984
7543
3672
7528
2673
144
1534
8157
3574
8698
9427
822
1758
3011
4512
3393
2316
3617
751
2412
8848
246
4383
546
312
2820
8231
64
3402
8210
5098
8268
9282
8794
6611
1435
1619
4369
520
7212
2640
5780
3501
5228
5578
7127
6670
9074
4989
6865
2809
7049
4760
582
5706
7809
6332
6427
1627
9813
7858
2550
1893
5800
2515
951
4624
3969
4189
9222
8252
2621
1461
4135
1892
7158
4757
9666
702
5576
4151
365
1526
4332
9095
8688
8446
9418
8404
1840
9073
2837
6216
8454
8006
7837
8050
1941
4891
6259
5183
5075
4558
317
8314
9489
1794
4926
9779
1191
4171
2878
9767
6893
6776
7952
678
7973
555
7587
841
8778
2368
9160
9370
374
1029
8726
7210
6618
3803
4554
5750
2852
9341
3266
3551
2785
2381
4731
7475
46
234
2460
5586
7852
8705
9482
8512
2398
9410
502
1749
5592
2531
1155
8384
6075
1392
7080
3409
1234
9733
2987
7211
9549
859
404
8554
3609
6514
5126
377
2359
4885
7303
9152
2638
1145
84
6235
939
1392
616
7489
1385
2559
6319
1728
8339
3414
7485
2786
7268
1972
8048
8292
7178
208
