0
1
3
5
5
6
8
8
8
9
11
11
11
12
12
12
13
13
13
14
15
15
16
16
17
18
23
25
25
26
26
27
27
28
29
30
32
32
32
32
33
35
36
38
39
40
40
40
42
42
43
44
45
45
46
47
50
50
50
51
52
54
54
55
56
57
57
58
59
59
61
61
62
62
62
63
64
64
64
64
64
66
67
70
71
73
73
74
74
76
77
77
78
79
81
81
82
83
84
84
87
88
88
89
89
89
90
95
95
96
96
96
97
98
98
99
99
100
100
100
101
101
102
103
104
104
105
105
108
111
111
112
112
112
112
113
113
113
114
114
115
115
116
119
122
122
123
123
127
127
127
129
129
130
132
134
134
134
137
139
139
140
143
143
144
146
146
147
147
148
149
149
150
150
150
151
151
151
154
154
155
155
157
157
157
159
159
160
161
162
162
162
163
164
164
165
165
167
168
173
173
175
176
176
178
178
179
179
180
181
181
183
184
184
185
186
188
189
190
190
191
191
191
192
192
194
194
195
196
196
198
200
201
202
203
203
203
204
204
205
205
207
208
208
208
209
213
214
214
214
215
217
218
218
218
219
220
221
221
221
222
222
223
224
226
227
227
229
229
230
231
232
232
233
233
234
234
235
235
238
238
240
240
241
245
246
247
249
250
252
254
254
254
254
256
259
259
260
260
261
261
262
262
262
264
264
264
266
267
269
270
271
271
271
271
272
272
273
273
274
274
275
278
281
281
283
283
284
286
286
287
289
289
290
290
290
291
292
292
293
293
296
299
300
302
303
303
304
305
305
306
309
309
310
310
310
310
311
311
311
311
312
312
315
315
317
317
318
320
321
321
323
323
324
324
325
327
327
327
328
330
331
331
331
333
333
333
334
336
336
336
337
337
337
342
342
342
344
344
346
347
347
348
348
349
350
351
352
353
353
354
354
354
355
355
356
356
359
360
361
361
363
365
365
368
370
371
373
373
373
374
375
375
376
377
377
379
380
380
382
382
383
383
384
386
386
387
387
388
389
390
391
392
393
393
394
394
395
396
396
396
399
399
399
401
402
403
404
404
404
404
404
405
406
406
406
406
407
409
409
410
410
411
411
412
412
412
413
414
415
416
416
416
417
417
417
418
419
421
421
422
422
424
425
425
425
425
426
427
427
428
428
429
429
430
430
430
431
431
432
433
434
435
436
436
437
438
442
443
443
444
445
445
446
447
448
449
451
454
455
457
457
458
458
458
458
459
460
461
461
461
461
461
462
463
465
466
467
467
467
467
468
468
469
471
471
472
472
473
474
476
476
477
478
479
479
480
481
481
481
481
482
482
483
483
483
484
486
487
487
488
488
488
488
488
489
489
492
493
494
494
494
495
495
495
497
498
499
500
501
502
502
502
503
503
504
504
505
505
505
506
506
506
506
506
507
507
507
509
509
509
510
510
510
510
510
510
511
512
512
512
512
514
514
514
514
515
515
515
515
517
517
518
518
518
518
520
520
521
521
521
523
523
526
527
527
527
527
528
529
532
534
535
536
538
539
539
540
540
540
540
540
540
541
542
542
544
544
546
546
547
549
551
551
551
552
552
554
554
555
555
555
555
556
557
558
558
559
562
563
564
564
567
568
569
570
570
571
571
571
572
574
574
574
575
575
576
576
579
579
581
581
581
582
582
582
583
584
587
588
590
591
591
592
593
594
596
597
597
598
598
600
604
604
604
606
606
607
607
607
608
610
610
610
615
616
617
618
618
618
618
619
620
621
621
621
622
623
624
624
625
625
625
628
630
630
631
632
633
634
636
636
637
638
638
639
640
641
643
643
644
644
647
647
647
650
650
652
656
656
657
659
659
659
660
660
660
661
661
663
663
664
664
665
666
666
667
668
669
669
671
672
673
674
675
675
676
676
678
678
678
678
679
679
680
681
681
681
682
682
682
683
683
683
686
688
689
689
689
690
694
694
694
695
697
698
699
700
700
700
700
700
702
703
705
706
706
706
706
706
707
710
711
711
711
711
714
715
716
718
719
720
720
723
725
726
727
728
728
730
730
732
734
734
734
734
734
736
737
738
739
739
739
740
740
740
741
743
743
744
744
744
744
746
746
749
749
751
751
754
754
755
758
759
761
762
762
764
764
764
764
765
766
768
768
769
770
771
771
771
771
771
772
773
773
774
775
775
776
778
778
780
782
782
784
784
784
784
785
789
790
791
791
797
797
797
800
800
800
801
803
804
804
805
805
806
806
807
808
809
810
813
813
814
814
814
815
816
819
820
820
820
821
821
822
823
825
827
827
828
829
830
832
832
835
837
838
838
840
840
841
842
843
843
844
845
845
846
846
847
848
849
849
850
852
854
854
854
855
857
859
859
859
863
863
866
867
867
868
868
869
869
871
871
871
871
872
872
873
874
874
875
875
876
877
877
878
879
880
881
881
881
882
883
883
883
884
885
886
887
887
887
887
887
887
889
889
892
892
893
894
895
896
896
896
896
897
898
898
900
900
901
905
906
907
908
909
910
910
912
913
914
915
917
918
918
919
919
920
921
921
921
921
922
922
922
923
925
925
926
926
927
928
928
928
930
930
932
932
932
932
933
933
933
934
934
936
938
939
939
940
941
941
941
941
942
942
943
944
944
944
945
945
946
947
948
949
950
951
955
955
956
956
956
957
957
959
959
959
963
964
964
964
965
965
966
967
970
970
971
971
971
973
974
975
975
981
982
982
982
983
984
985
985
986
987
987
989
990
990
990
991
991
992
993
994
994
994
995
996
996
997
997
997
998
1001
1001
1004
1006
1007
1008
1008
1011
1012
1013
1015
1017
1017
1017
1018
1018
1019
1019
1020
1021
1021
1022
1022
1023
1024
1025
1025
1026
1026
1026
1027
1027
1029
1031
1032
1033
1034
1034
1034
1035
1035
1038
1039
1041
1041
1042
1042
1043
1044
1045
1045
1046
1046
1047
1049
1050
1051
1056
1056
1056
1056
1057
1057
1057
1058
1058
1060
1061
1062
1062
1064
1066
1067
1068
1069
1070
1071
1072
1073
1073
1075
1075
1075
1075
1076
1076
1077
1077
1079
1079
1081
1084
1085
1086
1086
1087
1087
1088
1088
1089
1090
1091
1091
1094
1095
1096
1098
1098
1098
1099
1100
1101
1102
1104
1104
1106
1109
1109
1109
1109
1109
1110
1111
1112
1112
1112
1114
1115
1116
1117
1119
1120
1121
1121
1122
1123
1124
1124
1124
1125
1125
1126
1126
1127
1128
1129
1130
1131
1132
1133
1133
1135
1136
1137
1137
1138
1138
1141
1143
1144
1144
1144
1145
1145
1146
1148
1148
1148
1148
1149
1150
1151
1153
1155
1155
1155
1156
1158
1158
1158
1159
1160
1160
1162
1162
1163
1164
1165
1166
1167
1170
1172
1173
1175
1175
1176
1177
1178
1178
1179
1181
1182
1183
1183
1183
1183
1184
1185
1186
1186
1186
1187
1187
1190
1191
1191
1191
1191
1193
1194
1195
1196
1198
1201
1202
1203
1204
1205
1205
1206
1208
1208
1208
1209
1209
1209
1210
1210
1210
1210
1211
1212
1212
1213
1213
1213
1214
1217
1217
1218
1219
1220
1222
1223
1223
1224
1226
1227
1227
1228
1229
1231
1233
1233
1234
1235
1236
1237
1237
1239
1239
1239
1240
1241
1243
1245
1245
1245
1245
1247
1248
1249
1250
1251
1252
1252
1253
1254
1254
1254
1256
1256
1257
1258
1259
1260
1261
1262
1263
1263
1264
1265
1266
1269
1270
1273
1274
1274
1276
1276
1280
1280
1283
1283
1284
1285
1286
1287
1287
1287
1288
1288
1289
1290
1290
1291
1291
1291
1294
1294
1295
1295
1295
1295
1296
1297
1297
1297
1298
1299
1300
1302
1302
1303
1303
1306
1306
1306
1306
1308
1309
1312
1314
1315
1316
1318
1320
1320
1321
1322
1322
1324
1325
1328
1331
1331
1331
1331
1334
1335
1336
1336
1337
1338
1340
1341
1342
1343
1346
1349
1349
1349
1352
1353
1355
1355
1355
1356
1356
1356
1356
1358
1358
1358
1358
1358
1359
1362
1363
1363
1366
1366
1367
1368
1368
1369
1371
1371
1371
1371
1372
1372
1372
1373
1374
1376
1377
1377
1378
1379
1380
1380
1380
1380
1380
1380
1381
1381
1381
1381
1382
1382
1383
1383
1383
1385
1385
1385
1385
1385
1386
1386
1388
1388
1388
1388
1389
1390
1390
1390
1391
1391
1392
1392
1392
1392
1393
1393
1394
1395
1395
1395
1395
1396
1396
1397
1398
1398
1398
1399
1400
1401
1401
1403
1403
1404
1404
1404
1404
1404
1407
1409
1410
1412
1413
1413
1415
1417
1419
1420
1421
1422
1422
1423
1424
1425
1426
1426
1427
1431
1433
1433
1434
1434
1435
1435
1437
1437
1438
1438
1439
1440
1440
1441
1442
1444
1445
1445
1445
1445
1446
1446
1446
1446
1447
1447
1447
1448
1449
1450
1453
1453
1453
1453
1454
1455
1455
1456
1456
1456
1457
1460
1460
1461
1461
1462
1463
1463
1465
1465
1466
1466
1467
1468
1468
1469
1471
1471
1471
1475
1475
1478
1478
1481
1481
1481
1482
1483
1484
1484
1486
1487
1488
1488
1489
1490
1490
1491
1491
1492
1493
1493
1493
1494
1494
1494
1495
1497
1498
1498
1498
1498
1502
1502
1503
1503
1504
1507
1507
1507
1508
1508
1508
1509
1510
1510
1511
1511
1511
1512
1512
1512
1513
1513
1514
1516
1517
1518
1519
1519
1519
1523
1524
1524
1524
1525
1525
1525
1526
1527
1527
1527
1528
1529
1530
1530
1530
1531
1532
1532
1534
1537
1537
1537
1538
1539
1540
1541
1542
1542
1543
1543
1546
1546
1547
1548
1549
1549
1549
1549
1550
1551
1552
1552
1554
1555
1556
1557
1557
1558
1558
1560
1560
1561
1561
1562
1562
1564
1565
1565
1565
1567
1570
1571
1572
1572
1574
1574
1577
1578
1578
1578
1578
1579
1582
1582
1583
1585
1587
1587
1589
1589
1590
1590
1591
1591
1591
1593
1593
1594
1595
1595
1595
1595
1596
1596
1596
1596
1596
1596
1596
1597
1597
1599
1601
1601
1602
1602
1604
1605
1605
1606
1607
1611
1611
1612
1613
1613
1614
1614
1616
1616
1616
1617
1617
1618
1619
1619
1619
1620
1621
1621
1622
1623
1624
1624
1625
1625
1626
1627
1627
1628
1628
1629
1629
1629
1629
1629
1630
1630
1631
1632
1633
1634
1634
1634
1635
1635
1637
1638
1639
1639
1639
1640
1641
1641
1641
1643
1644
1644
1646
1647
1647
1649
1651
1651
1651
1651
1652
1652
1653
1654
1655
1657
1658
1659
1660
1660
1660
1661
1662
1663
1664
1664
1664
1665
1665
1665
1666
1668
1674
1674
1674
1679
1679
1679
1679
1680
1680
1680
1680
1681
1682
1682
1683
1683
1686
1687
1690
1691
1693
1695
1696
1697
1697
1698
1699
1699
1700
1701
1702
1702
1702
1703
1703
1705
1706
1706
1706
1707
1707
1708
1708
1708
1709
1711
1712
1713
1714
1714
1715
1716
1716
1716
1716
1718
1718
1719
1719
1719
1719
1721
1722
1722
1725
1726
1727
1727
1728
1728
1728
1729
1729
1729
1729
1731
1731
1731
1732
1733
1734
1735
1736
1737
1738
1738
1738
1738
1742
1744
1744
1744
1746
1746
1746
1749
1749
1752
1753
1753
1753
1754
1754
1754
1754
1757
1757
1758
1759
1760
1760
1760
1761
1761
1763
1763
1763
1764
1765
1766
1767
1767
1767
1768
1768
1769
1771
1771
1773
1775
1778
1778
1781
1781
1782
1785
1787
1788
1790
1792
1792
1793
1793
1793
1794
1794
1794
1795
1796
1797
1797
1799
1799
1799
1800
1801
1802
1802
1804
1804
1807
1807
1809
1809
1810
1811
1812
1813
1814
1815
1817
1817
1819
1822
1822
1823
1824
1829
1829
1829
1831
1832
1834
1837
1837
1838
1839
1839
1840
1840
1840
1841
1841
1842
1842
1842
1842
1843
1844
1845
1845
1846
1846
1847
1848
1849
1849
1850
1851
1851
1852
1856
1856
1857
1858
1858
1859
1859
1863
1864
1865
1865
1866
1867
1867
1868
1869
1869
1870
1871
1875
1875
1875
1876
1878
1878
1879
1880
1880
1880
1880
1881
1884
1886
1886
1886
1887
1888
1888
1890
1890
1891
1892
1893
1893
1894
1894
1895
1895
1896
1897
1899
1900
1902
1903
1906
1907
1907
1910
1911
1911
1912
1916
1918
1919
1919
1922
1924
1925
1926
1927
1928
1929
1930
1931
1932
1932
1932
1933
1933
1934
1935
1935
1936
1936
1938
1939
1940
1941
1941
1941
1943
1944
1944
1944
1944
1945
1945
1945
1945
1946
1947
1949
1949
1949
1950
1950
1950
1951
1952
1953
1953
1953
1954
1955
1956
1956
1960
1960
1960
1960
1960
1963
1963
1964
1964
1965
1969
1969
1970
1971
1971
1971
1972
1972
1972
1972
1974
1976
1976
1978
1978
1979
1981
1981
1982
1983
1983
1987
1987
1988
1989
1994
1994
1994
1995
1995
1996
1997
1997
1997
1998
1999
2000
2001
2003
2003
2004
2005
2005
2006
2006
2007
2007
2009
2010
2012
2012
2012
2013
2013
2013
2014
2016
2018
2018
2018
2019
2020
2021
2021
2021
2021
2022
2025
2026
2028
2028
2028
2028
2030
2031
2031
2031
2032
2032
2033
2034
2034
2034
2035
2036
2036
2036
2037
2038
2039
2039
2040
2040
2045
2047
2048
2048
2049
2049
2050
2050
2051
2051
2053
2053
2054
2055
2056
2057
2058
2058
2060
2061
2061
2061
2062
2063
2064
2064
2067
2067
2067
2070
2071
2071
2076
2077
2077
2078
2080
2080
2081
2081
2082
2082
2082
2084
2085
2086
2086
2087
2088
2090
2090
2090
2090
2092
2093
2094
2095
2096
2097
2098
2098
2099
2103
2105
2105
2106
2106
2108
2108
2111
2112
2112
2115
2115
2117
2117
2118
2119
2121
2124
2127
2129
2130
2131
2133
2133
2134
2136
2136
2137
2138
2138
2139
2139
2141
2143
2143
2143
2144
2144
2144
2144
2145
2146
2147
2148
2148
2148
2152
2153
2154
2156
2157
2159
2159
2163
2164
2164
2164
2164
2165
2168
2170
2172
2175
2175
2176
2177
2178
2178
2179
2179
2179
2179
2180
2182
2182
2183
2184
2189
2189
2190
2190
2191
2192
2194
2195
2196
2198
2199
2199
2200
2200
2203
2203
2204
2204
2205
2206
2206
2209
2210
2211
2211
2213
2213
2215
2215
2216
2216
2216
2218
2220
2221
2221
2222
2222
2225
2225
2225
2228
2228
2230
2230
2233
2233
2233
2234
2234
2235
2236
2237
2237
2238
2239
2240
2240
2242
2243
2243
2244
2244
2244
2245
2246
2246
2247
2249
2252
2253
2253
2253
2253
2254
2257
2259
2259
2260
2261
2262
2262
2264
2265
2266
2266
2267
2270
2271
2271
2271
2273
2273
2273
2276
2277
2280
2280
2280
2281
2281
2281
2282
2283
2283
2283
2283
2284
2284
2285
2286
2286
2286
2287
2287
2287
2289
2291
2291
2292
2294
2295
2296
2297
2300
2302
2302
2303
2303
2304
2304
2306
2307
2307
2307
2307
2307
2309
2309
2309
2311
2313
2315
2316
2317
2318
2319
2320
2320
2322
2322
2322
2323
2324
2326
2327
2328
2328
2329
2329
2330
2334
2334
2334
2334
2335
2335
2335
2336
2336
2341
2342
2345
2347
2348
2348
2350
2351
2351
2352
2353
2355
2355
2357
2358
2359
2359
2360
2360
2361
2363
2364
2365
2365
2365
2366
2366
2368
2368
2369
2369
2369
2371
2371
2373
2374
2375
2376
2377
2377
2378
2378
2378
2379
2381
2381
2381
2381
2382
2383
2384
2384
2384
2385
2385
2386
2386
2386
2389
2389
2391
2392
2393
2393
2393
2398
2398
2399
2399
2400
2400
2401
2402
2402
2402
2403
2403
2404
2404
2405
2406
2408
2409
2409
2409
2410
2410
2412
2412
2413
2414
2414
2415
2415
2415
2415
2415
2415
2416
2416
2417
2418
2421
2422
2422
2422
2423
2423
2426
2427
2427
2428
2429
2430
2431
2432
2432
2433
2434
2434
2435
2435
2435
2436
2437
2438
2440
2445
2446
2446
2447
2447
2447
2450
2451
2452
2452
2452
2452
2452
2456
2456
2458
2459
2460
2460
2461
2461
2462
2464
2464
2464
2465
2467
2468
2468
2469
2469
2469
2469
2470
2470
2472
2473
2473
2473
2474
2475
2476
2476
2476
2477
2479
2479
2479
2479
2483
2484
2484
2484
2485
2485
2486
2487
2489
2489
2489
2491
2493
2496
2497
2497
2498
2498
2499
2500
2501
2502
2503
2504
2504
2506
2507
2508
2509
2510
2511
2512
2515
2515
2515
2515
2518
2518
2518
2519
2519
2520
2523
2524
2525
2526
2526
2527
2527
2529
2530
2530
2530
2531
2531
2531
2532
2533
2534
2536
2538
2538
2539
2539
2540
2540
2540
2541
2541
2542
2543
2543
2543
2544
2545
2546
2546
2547
2548
2549
2549
2550
2550
2550
2550
2551
2551
2552
2553
2553
2553
2554
2554
2554
2554
2556
2556
2556
2556
2557
2557
2559
2560
2560
2561
2562
2562
2564
2564
2564
2566
2566
2567
2568
2569
2570
2570
2572
2572
2573
2573
2574
2575
2576
2581
2581
2582
2582
2582
2584
2586
2588
2588
2589
2590
2592
2595
2596
2597
2598
2598
2599
2599
2600
2603
2603
2604
2604
2604
2605
2605
2605
2605
2605
2607
2607
2607
2607
2608
2608
2609
2609
2612
2612
2614
2614
2616
2617
2617
2617
2618
2618
2619
2619
2620
2620
2621
2622
2624
2626
2626
2626
2626
2627
2628
2629
2629
2629
2630
2632
2632
2633
2633
2634
2635
2635
2637
2638
2639
2639
2640
2640
2641
2641
2644
2644
2644
2646
2647
2649
2649
2650
2651
2651
2651
2652
2652
2653
2654
2655
2656
2656
2657
2657
2659
2659
2662
2662
2663
2663
2663
2667
2668
2668
2668
2669
2669
2669
2671
2671
2672
2673
2673
2674
2674
2674
2675
2676
2676
2677
2677
2677
2677
2678
2679
2682
2683
2683
2684
2684
2685
2686
2688
2688
2688
2689
2690
2692
2694
2694
2695
2696
2696
2697
2697
2698
2698
2699
2701
2701
2701
2703
2703
2703
2704
2706
2707
2707
2709
2709
2710
2712
2713
2714
2715
2716
2717
2718
2718
2719
2720
2720
2722
2722
2723
2723
2724
2725
2725
2727
2728
2728
2729
2730
2730
2731
2732
2732
2733
2734
2734
2735
2735
2736
2736
2737
2738
2738
2738
2740
2740
2741
2741
2742
2743
2744
2745
2745
2746
2746
2746
2747
2747
2748
2749
2750
2750
2751
2751
2752
2752
2757
2757
2757
2758
2759
2759
2759
2760
2762
2762
2763
2763
2763
2764
2765
2766
2768
2771
2771
2772
2774
2775
2776
2776
2776
2776
2778
2778
2783
2784
2785
2786
2787
2787
2790
2793
2795
2796
2797
2797
2799
2800
2801
2804
2809
2809
2810
2811
2811
2811
2811
2812
2813
2814
2816
2816
2817
2818
2820
2820
2821
2822
2822
2824
2826
2826
2827
2829
2830
2836
2836
2837
2838
2839
2840
2841
2842
2842
2843
2843
2847
2848
2848
2849
2850
2850
2851
2851
2852
2852
2854
2856
2856
2858
2859
2861
2862
2863
2864
2864
2865
2866
2866
2867
2868
2868
2869
2871
2871
2872
2872
2872
2873
2874
2875
2876
2878
2878
2880
2881
2883
2883
2884
2886
2886
2887
2887
2888
2888
2889
2890
2891
2892
2892
2892
2892
2894
2894
2895
2895
2895
2895
2896
2896
2897
2897
2897
2898
2900
2900
2900
2901
2901
2903
2905
2905
2905
2907
2908
2911
2914
2914
2917
2919
2921
2921
2922
2922
2924
2924
2932
2932
2933
2936
2936
2937
2940
2940
2942
2945
2946
2949
2951
2952
2953
2954
2957
2958
2959
2960
2961
2963
2965
2966
2967
2968
2972
2972
2973
2973
2978
2979
2980
2983
2983
2983
2984
2986
2987
2987
2987
2988
2988
2988
2990
2991
2992
2996
2996
2996
2997
2997
2998
2998
2999
2999
3000
3000
3003
3003
3003
3007
3007
3007
3008
3009
3010
3011
3012
3014
3016
3016
3017
3017
3020
3020
3025
3027
3028
3029
3029
3031
3031
3032
3033
3034
3035
3035
3036
3037
3037
3038
3038
3039
3041
3042
3042
3044
3044
3045
3045
3046
3046
3047
3048
3048
3049
3049
3050
3050
3050
3050
3050
3051
3056
3057
3061
3061
3062
3064
3065
3065
3067
3068
3069
3069
3069
3069
3070
3070
3072
3073
3073
3073
3073
3075
3076
3076
3076
3077
3078
3078
3078
3080
3080
3081
3081
3082
3082
3085
3086
3087
3092
3093
3094
3094
3094
3095
3096
3096
3096
3097
3098
3099
3101
3101
3103
3104
3106
3106
3107
3108
3109
3109
3110
3111
3112
3113
3114
3114
3116
3116
3117
3117
3117
3120
3121
3122
3123
3123
3123
3124
3125
3125
3125
3128
3128
3129
3129
3130
3130
3131
3132
3132
3132
3133
3139
3141
3143
3143
3143
3145
3146
3147
3147
3147
3148
3148
3150
3152
3153
3154
3157
3157
3158
3162
3162
3163
3164
3164
3164
3165
3171
3172
3175
3177
3178
3179
3180
3181
3181
3181
3183
3184
3184
3185
3185
3187
3189
3193
3195
3195
3196
3196
3199
3200
3202
3202
3206
3207
3207
3208
3208
3213
3213
3214
3215
3215
3217
3221
3223
3225
3225
3228
3228
3229
3233
3235
3235
3236
3238
3239
3239
3239
3245
3245
3245
3247
3247
3248
3248
3255
3256
3257
3260
3260
3260
3260
3260
3260
3261
3262
3262
3263
3263
3265
3266
3266
3266
3266
3269
3272
3276
3278
3281
3283
3283
3284
3286
3288
3288
3289
3292
3293
3294
3294
3296
3296
3300
3301
3303
3304
3306
3306
3308
3308
3309
3312
3315
3315
3315
3317
3317
3318
3322
3324
3324
3326
3327
3334
3335
3335
3335
3336
3336
3337
3338
3338
3338
3338
3339
3339
3340
3343
3343
3350
3350
3350
3352
3353
3353
3355
3355
3356
3356
3356
3356
3357
3360
3361
3361
3361
3363
3364
3366
3367
3367
3368
3372
3373
3373
3374
3374
3375
3376
3377
3381
3381
3382
3383
3383
3384
3386
3387
3388
3389
3392
3393
3393
3393
3394
3394
3395
3395
3397
3398
3398
3398
3400
3402
3403
3404
3406
3408
3408
3409
3414
3414
3415
3415
3416
3417
3417
3420
3421
3424
3424
3424
3426
3427
3428
3428
3428
3429
3431
3432
3433
3433
3433
3433
3434
3435
3437
3439
3439
3440
3440
3440
3441
3442
3442
3442
3443
3443
3444
3444
3447
3447
3447
3447
3451
3452
3453
3454
3455
3455
3456
3456
3456
3457
3457
3458
3459
3459
3461
3462
3464
3465
3466
3467
3467
3471
3471
3476
3476
3480
3480
3480
3481
3481
3482
3482
3482
3482
3483
3485
3485
3486
3493
3498
3498
3500
3500
3501
3502
3502
3503
3503
3505
3511
3512
3513
3515
3516
3519
3520
3521
3522
3522
3522
3524
3525
3526
3526
3527
3527
3530
3530
3531
3531
3532
3533
3533
3534
3534
3535
3535
3536
3537
3540
3540
3541
3541
3541
3542
3542
3542
3548
3549
3550
3551
3552
3552
3552
3552
3553
3553
3554
3558
3558
3559
3561
3562
3563
3563
3563
3565
3565
3567
3568
3569
3570
3571
3572
3573
3574
3574
3576
3576
3578
3578
3580
3582
3585
3587
3587
3588
3588
3589
3589
3590
3592
3593
3594
3594
3594
3595
3600
3602
3602
3602
3604
3607
3607
3608
3609
3610
3610
3610
3610
3610
3611
3613
3613
3613
3614
3614
3615
3616
3617
3623
3627
3628
3628
3631
3631
3632
3634
3635
3635
3635
3637
3637
3639
3640
3640
3643
3644
3644
3645
3647
3648
3648
3650
3652
3653
3654
3654
3655
3655
3655
3656
3657
3658
3658
3659
3660
3660
3662
3662
3663
3664
3664
3664
3665
3666
3667
3671
3672
3672
3673
3674
3677
3683
3684
3684
3685
3686
3690
3691
3692
3693
3693
3694
3695
3696
3698
3699
3701
3702
3704
3711
3712
3712
3715
3717
3719
3720
3720
3720
3720
3722
3723
3725
3725
3725
3726
3728
3730
3730
3732
3733
3734
3735
3736
3737
3737
3737
3738
3741
3743
3744
3744
3745
3745
3747
3749
3751
3752
3753
3755
3757
3757
3758
3759
3760
3760
3761
3762
3768
3768
3770
3770
3771
3774
3776
3778
3779
3783
3783
3783
3784
3784
3786
3788
3789
3790
3791
3792
3794
3796
3796
3796
3797
3798
3798
3799
3802
3803
3803
3804
3807
3807
3808
3808
3810
3813
3814
3814
3818
3819
3819
3820
3821
3821
3821
3822
3823
3825
3827
3827
3828
3828
3829
3830
3831
3832
3834
3834
3835
3835
3836
3836
3838
3839
3839
3839
3839
3841
3841
3842
3843
3843
3844
3846
3847
3850
3851
3851
3852
3852
3855
3855
3855
3856
3858
3858
3860
3862
3863
3865
3867
3867
3868
3871
3872
3872
3874
3875
3875
3876
3878
3879
3880
3881
3882
3882
3883
3883
3885
3886
3888
3889
3889
3889
3890
3892
3892
3893
3894
3894
3895
3897
3898
3899
3902
3903
3905
3906
3907
3908
3908
3910
3911
3911
3912
3914
3916
3916
3916
3916
3918
3921
3922
3923
3926
3926
3928
3930
3930
3934
3934
3937
3940
3941
3942
3943
3945
3948
3950
3950
3950
3952
3952
3953
3953
3955
3956
3957
3957
3960
3960
3961
3962
3962
3962
3964
3964
3965
3968
3969
3969
3972
3975
3978
3978
3978
3982
3983
3986
3986
3987
3987
3988
3989
3989
3991
3992
3994
3996
3999
4003
4005
4006
4007
4011
4013
4013
4014
4014
4014
4015
4015
4016
4018
4019
4019
4022
4025
4026
4028
4029
4031
4032
4036
4036
4037
4038
4040
4044
4045
4045
4046
4047
4047
4050
4051
4051
4052
4054
4056
4056
4057
4057
4060
4061
4061
4063
4064
4067
4067
4067
4068
4070
4070
4070
4072
4073
4073
4074
4074
4076
4076
4078
4078
4078
4080
4081
4081
4082
4084
4085
4085
4086
4086
4088
4088
4089
4090
4092
4092
4092
4093
4095
4095
4097
4100
4102
4103
4103
4103
4105
4105
4107
4108
4111
4112
4112
4112
4113
4113
4114
4114
4115
4115
4118
4118
4118
4119
4121
4121
4121
4123
4124
4124
4125
4126
4133
4134
4134
4135
4135
4136
4137
4139
4140
4141
4141
4142
4144
4144
4145
4146
4147
4148
4148
4148
4149
4149
4151
4151
4154
4154
4156
4157
4157
4158
4160
4161
4163
4163
4163
4163
4165
4167
4168
4168
4169
4171
4171
4172
4174
4175
4175
4176
4177
4178
4178
4180
4180
4182
4182
4183
4185
4186
4187
4188
4188
4189
4190
4191
4192
4193
4194
4194
4196
4196
4197
4198
4200
4201
4207
4207
4209
4209
4210
4211
4212
4213
4213
4214
4214
4214
4214
4215
4215
4216
4216
4216
4216
4216
4218
4218
4218
4220
4220
4220
4220
4220
4221
4221
4222
4223
4227
4228
4235
4235
4235
4235
4236
4237
4240
4240
4241
4242
4243
4243
4244
4246
4246
4248
4249
4249
4250
4250
4251
4251
4252
4253
4253
4254
4256
4257
4258
4258
4261
4261
4262
4262
4263
4263
4264
4264
4265
4265
4266
4268
4269
4270
4271
4272
4273
4273
4274
4275
4275
4275
4276
4277
4277
4278
4280
4281
4282
4283
4283
4284
4284
4286
4287
4287
4288
4288
4289
4289
4289
4289
4290
4293
4295
4296
4297
4298
4298
4300
4300
4303
4306
4306
4308
4308
4309
4310
4311
4311
4312
4314
4314
4316
4316
4316
4316
4316
4320
4320
4320
4322
4322
4322
4323
4328
4329
4330
4332
4332
4332
4333
4335
4338
4340
4343
4349
4350
4351
4351
4354
4355
4356
4361
4362
4362
4364
4366
4366
4368
4369
4369
4369
4370
4370
4372
4375
4376
4380
4380
4380
4380
4381
4381
4382
4383
4383
4385
4386
4388
4393
4393
4394
4395
4398
4399
4399
4400
4400
4401
4402
4404
4406
4407
4410
4410
4415
4415
4418
4419
4420
4422
4422
4423
4423
4423
4425
4427
4430
4431
4431
4431
4432
4433
4433
4434
4434
4434
4435
4436
4438
4439
4439
4439
4440
4442
4442
4446
4446
4447
4447
4447
4449
4449
4449
4450
4450
4456
4456
4458
4459
4461
4461
4461
4464
4464
4465
4465
4466
4466
4467
4467
4468
4469
4470
4471
4473
4477
4478
4479
4481
4482
4483
4485
4486
4489
4490
4491
4491
4492
4492
4493
4493
4495
4495
4497
4497
4498
4499
4499
4504
4505
4506
4506
4506
4507
4507
4509
4511
4512
4512
4512
4514
4515
4516
4517
4517
4517
4517
4518
4519
4521
4522
4524
4525
4525
4525
4527
4527
4528
4528
4529
4530
4531
4532
4532
4533
4535
4535
4536
4537
4538
4538
4538
4539
4542
4543
4543
4543
4545
4545
4546
4548
4549
4550
4554
4554
4555
4556
4556
4557
4557
4558
4558
4559
4559
4562
4562
4563
4563
4564
4565
4568
4570
4570
4571
4572
4575
4577
4581
4583
4583
4584
4585
4585
4587
4588
4589
4590
4591
4594
4595
4595
4598
4598
4599
4599
4600
4602
4602
4602
4603
4603
4604
4604
4604
4604
4605
4606
4608
4609
4609
4610
4610
4611
4611
4612
4612
4613
4614
4615
4616
4616
4616
4617
4619
4619
4620
4621
4622
4623
4623
4624
4624
4625
4626
4626
4628
4629
4629
4631
4632
4632
4633
4633
4634
4634
4635
4635
4636
4636
4636
4636
4639
4639
4641
4642
4642
4643
4651
4656
4656
4658
4661
4661
4661
4662
4664
4668
4670
4670
4670
4670
4675
4676
4679
4679
4682
4684
4686
4686
4686
4687
4689
4690
4690
4690
4691
4691
4692
4695
4695
4695
4697
4697
4698
4700
4701
4702
4703
4703
4705
4706
4706
4706
4708
4709
4709
4709
4709
4710
4710
4711
4712
4713
4714
4716
4716
4717
4718
4718
4719
4719
4719
4720
4720
4722
4722
4725
4726
4726
4727
4728
4728
4729
4729
4729
4730
4730
4730
4731
4732
4732
4733
4734
4735
4736
4737
4738
4738
4739
4739
4739
4740
4740
4741
4741
4743
4750
4751
4751
4751
4752
4754
4754
4757
4757
4758
4758
4759
4760
4760
4764
4765
4768
4773
4774
4776
4777
4779
4779
4779
4780
4781
4781
4784
4785
4786
4786
4787
4788
4792
4792
4793
4793
4794
4794
4795
4796
4796
4805
4806
4808
4809
4810
4810
4812
4812
4814
4814
4815
4817
4818
4818
4821
4823
4823
4825
4825
4827
4827
4828
4829
4829
4829
4830
4831
4833
4833
4833
4835
4836
4837
4838
4838
4839
4840
4842
4843
4844
4846
4847
4849
4849
4849
4852
4853
4853
4854
4857
4857
4857
4858
4858
4859
4859
4859
4860
4860
4861
4861
4862
4864
4866
4867
4868
4868
4868
4868
4870
4870
4870
4872
4872
4872
4873
4873
4875
4876
4876
4879
4879
4880
4881
4883
4885
4885
4887
4889
4889
4890
4890
4891
4891
4893
4893
4894
4895
4896
4896
4897
4898
4898
4900
4901
4906
4907
4908
4909
4911
4913
4913
4916
4917
4920
4920
4922
4923
4925
4926
4928
4929
4930
4931
4931
4934
4935
4935
4935
4937
4937
4939
4939
4940
4942
4942
4944
4944
4947
4947
4948
4948
4950
4952
4952
4955
4956
4958
4958
4960
4961
4961
4961
4962
4964
4965
4967
4968
4968
4971
4973
4973
4974
4975
4975
4976
4979
4979
4980
4984
4985
4985
4986
4989
4990
4990
4990
4991
4993
4993
4994
4995
4995
4997
4999
4999
4999
4999
5001
5002
5005
5006
5006
5006
5007
5013
5015
5019
5020
5021
5021
5022
5023
5025
5030
5031
5032
5034
5034
5035
5035
5035
5036
5037
5038
5039
5039
5043
5044
5046
5051
5052
5052
5054
5055
5056
5056
5059
5060
5061
5061
5062
5063
5067
5068
5072
5072
5073
5074
5074
5074
5074
5075
5076
5078
5078
5079
5079
5080
5081
5082
5082
5082
5082
5083
5086
5086
5088
5088
5089
5089
5091
5091
5091
5092
5092
5093
5095
5095
5096
5096
5096
5097
5098
5099
5099
5102
5103
5103
5104
5104
5105
5109
5109
5110
5112
5113
5113
5114
5114
5115
5115
5117
5118
5118
5119
5120
5121
5121
5123
5123
5124
5124
5124
5124
5126
5127
5129
5129
5131
5132
5132
5133
5133
5134
5136
5138
5140
5140
5142
5142
5142
5142
5143
5144
5145
5145
5146
5147
5148
5149
5151
5151
5152
5152
5156
5162
5163
5165
5166
5166
5169
5169
5169
5170
5170
5173
5173
5174
5175
5178
5178
5180
5180
5182
5182
5183
5184
5186
5190
5190
5191
5193
5194
5195
5195
5197
5197
5197
5198
5198
5198
5199
5200
5202
5203
5208
5208
5209
5209
5209
5209
5210
5213
5213
5216
5219
5221
5223
5223
5224
5224
5225
5225
5226
5227
5227
5227
5228
5229
5229
5231
5231
5232
5232
5233
5233
5234
5235
5235
5235
5240
5240
5242
5247
5247
5248
5248
5248
5249
5251
5251
5252
5252
5252
5255
5260
5261
5263
5263
5264
5264
5265
5266
5269
5270
5270
5271
5272
5272
5277
5277
5278
5279
5279
5280
5282
5282
5282
5283
5283
5284
5284
5285
5285
5285
5289
5289
5290
5292
5293
5294
5295
5296
5297
5297
5302
5304
5308
5308
5309
5310
5312
5313
5316
5318
5318
5319
5319
5320
5321
5323
5323
5324
5325
5326
5326
5330
5331
5331
5335
5338
5339
5340
5340
5341
5342
5342
5342
5343
5347
5348
5349
5349
5350
5351
5353
5354
5354
5354
5355
5355
5355
5357
5357
5357
5357
5360
5361
5363
5364
5364
5365
5365
5365
5365
5366
5368
5370
5371
5371
5371
5372
5372
5374
5374
5376
5376
5382
5383
5384
5384
5385
5385
5386
5386
5386
5387
5387
5387
5389
5389
5391
5392
5393
5394
5396
5396
5397
5400
5400
5400
5401
5401
5402
5404
5406
5406
5407
5408
5410
5412
5413
5413
5414
5415
5415
5415
5415
5416
5416
5418
5419
5420
5420
5422
5424
5424
5425
5426
5427
5427
5427
5428
5430
5431
5432
5433
5433
5435
5436
5437
5437
5437
5438
5440
5444
5447
5450
5453
5454
5456
5456
5457
5458
5459
5460
5462
5463
5463
5465
5468
5470
5472
5473
5474
5474
5474
5475
5476
5476
5476
5478
5478
5479
5479
5479
5480
5481
5482
5482
5482
5483
5485
5486
5487
5487
5488
5488
5490
5490
5492
5494
5495
5497
5497
5498
5499
5503
5503
5505
5506
5508
5510
5510
5512
5512
5515
5516
5517
5517
5518
5519
5519
5521
5521
5523
5523
5525
5528
5529
5530
5531
5533
5535
5538
5539
5539
5540
5541
5542
5542
5544
5544
5545
5546
5547
5547
5548
5549
5549
5551
5552
5555
5555
5557
5557
5558
5558
5558
5559
5562
5563
5564
5565
5567
5567
5568
5568
5569
5570
5570
5571
5571
5574
5575
5576
5577
5578
5581
5581
5581
5582
5582
5585
5586
5586
5587
5591
5592
5592
5593
5595
5598
5600
5601
5603
5605
5605
5606
5608
5608
5609
5611
5612
5612
5617
5618
5619
5621
5621
5622
5622
5623
5624
5627
5627
5628
5629
5629
5630
5632
5632
5633
5634
5635
5637
5637
5637
5637
5638
5639
5640
5642
5646
5647
5648
5649
5651
5652
5653
5655
5656
5658
5658
5659
5659
5660
5661
5662
5662
5664
5664
5667
5668
5669
5670
5670
5670
5671
5672
5672
5672
5673
5674
5674
5674
5676
5677
5678
5679
5679
5680
5680
5680
5680
5681
5684
5685
5686
5686
5686
5688
5689
5696
5698
5699
5701
5701
5701
5702
5702
5702
5705
5705
5706
5706
5707
5708
5708
5709
5709
5711
5712
5714
5714
5715
5715
5716
5718
5718
5718
5718
5719
5719
5720
5721
5722
5723
5724
5724
5727
5727
5730
5730
5732
5734
5734
5738
5739
5740
5740
5740
5741
5741
5742
5743
5744
5746
5747
5748
5748
5749
5749
5750
5751
5755
5756
5756
5758
5759
5762
5763
5765
5765
5765
5766
5766
5768
5769
5769
5770
5770
5771
5772
5772
5773
5773
5777
5777
5778
5778
5779
5780
5780
5782
5782
5783
5783
5784
5788
5790
5791
5792
5794
5794
5795
5798
5798
5798
5799
5799
5799
5799
5800
5800
5802
5802
5804
5804
5806
5806
5811
5812
5815
5816
5818
5819
5823
5824
5826
5827
5827
5829
5829
5830
5830
5831
5832
5835
5836
5837
5839
5839
5841
5841
5841
5841
5842
5843
5845
5845
5846
5846
5847
5848
5850
5851
5851
5852
5853
5853
5855
5858
5858
5859
5860
5861
5861
5863
5864
5864
5864
5865
5867
5868
5869
5870
5872
5874
5874
5874
5875
5876
5876
5877
5878
5879
5882
5882
5883
5886
5887
5887
5887
5889
5889
5890
5890
5891
5891
5892
5894
5894
5897
5898
5899
5900
5900
5901
5906
5907
5907
5908
5909
5910
5911
5911
5914
5914
5916
5916
5916
5917
5917
5917
5918
5918
5918
5919
5920
5921
5923
5925
5926
5929
5932
5932
5934
5935
5935
5935
5936
5937
5938
5940
5941
5942
5942
5943
5944
5945
5945
5946
5947
5948
5950
5951
5951
5953
5953
5956
5956
5957
5958
5959
5960
5961
5967
5973
5975
5975
5975
5975
5975
5978
5979
5981
5981
5982
5983
5985
5986
5987
5987
5987
5990
5994
5994
5995
5995
5996
5996
5996
5996
5998
6000
6002
6002
6003
6004
6005
6006
6007
6009
6010
6012
6013
6013
6013
6015
6016
6017
6017
6020
6021
6022
6022
6023
6023
6024
6026
6027
6028
6028
6029
6029
6030
6030
6033
6033
6035
6036
6036
6037
6038
6039
6040
6041
6041
6043
6043
6043
6044
6044
6046
6046
6047
6047
6047
6047
6048
6053
6054
6055
6055
6056
6056
6057
6057
6058
6058
6058
6058
6059
6060
6061
6064
6066
6067
6067
6067
6067
6068
6068
6069
6070
6072
6074
6075
6075
6075
6076
6077
6078
6078
6079
6080
6081
6082
6083
6084
6084
6086
6086
6087
6087
6087
6089
6090
6090
6091
6092
6092
6092
6093
6094
6095
6099
6099
6100
6101
6102
6104
6105
6105
6106
6107
6107
6109
6109
6109
6109
6109
6111
6117
6121
6122
6123
6123
6124
6125
6126
6126
6127
6129
6131
6132
6134
6135
6136
6136
6138
6140
6141
6142
6143
6144
6144
6144
6144
6145
6146
6146
6146
6149
6150
6150
6151
6154
6154
6155
6155
6155
6157
6157
6158
6159
6161
6161
6162
6162
6163
6164
6165
6166
6166
6166
6168
6169
6170
6171
6171
6172
6172
6173
6175
6175
6179
6180
6182
6183
6183
6185
6187
6187
6189
6190
6192
6193
6193
6193
6194
6194
6194
6196
6197
6199
6199
6199
6201
6202
6203
6204
6204
6204
6205
6208
6209
6209
6210
6210
6215
6215
6216
6216
6216
6218
6221
6222
6223
6224
6224
6225
6228
6230
6231
6231
6232
6232
6232
6232
6233
6234
6235
6235
6236
6238
6240
6240
6243
6244
6246
6247
6249
6250
6251
6251
6251
6252
6256
6257
6259
6260
6260
6261
6262
6263
6264
6265
6266
6269
6269
6271
6272
6272
6274
6274
6275
6275
6277
6278
6282
6284
6285
6285
6288
6289
6290
6290
6290
6291
6292
6294
6297
6297
6298
6299
6299
6299
6299
6301
6302
6302
6302
6303
6304
6307
6307
6308
6309
6311
6312
6312
6312
6313
6314
6314
6315
6316
6316
6319
6320
6322
6323
6323
6324
6327
6327
6328
6328
6332
6333
6335
6336
6336
6337
6338
6338
6339
6340
6340
6342
6344
6344
6345
6345
6348
6349
6351
6351
6351
6354
6354
6355
6356
6356
6357
6357
6357
6358
6360
6361
6362
6363
6364
6364
6367
6368
6369
6372
6373
6375
6378
6378
6379
6379
6379
6380
6381
6382
6383
6383
6383
6383
6385
6385
6386
6387
6387
6389
6389
6390
6392
6397
6399
6399
6400
6402
6403
6405
6405
6406
6406
6407
6409
6410
6410
6411
6412
6412
6413
6413
6414
6415
6415
6415
6417
6417
6418
6419
6419
6419
6420
6421
6422
6427
6427
6428
6430
6431
6431
6431
6433
6434
6435
6435
6438
6439
6439
6441
6442
6442
6443
6443
6444
6444
6446
6448
6449
6449
6449
6449
6450
6450
6451
6451
6453
6454
6454
6457
6459
6461
6463
6465
6465
6466
6468
6469
6470
6471
6471
6472
6472
6473
6473
6475
6475
6476
6476
6477
6478
6479
6481
6482
6482
6483
6485
6486
6487
6488
6490
6490
6490
6491
6491
6491
6493
6494
6495
6496
6496
6497
6498
6499
6499
6500
6501
6504
6506
6506
6507
6508
6511
6513
6514
6515
6516
6516
6516
6519
6523
6523
6523
6524
6525
6526
6528
6531
6531
6535
6535
6535
6536
6537
6538
6539
6539
6541
6543
6543
6547
6547
6547
6547
6548
6549
6550
6551
6552
6552
6553
6553
6555
6557
6558
6560
6560
6560
6562
6565
6566
6567
6568
6570
6570
6574
6575
6576
6576
6579
6580
6581
6583
6583
6583
6583
6585
6586
6588
6589
6589
6590
6592
6593
6593
6594
6595
6599
6599
6600
6600
6600
6602
6602
6603
6603
6604
6604
6604
6605
6606
6608
6609
6611
6611
6612
6612
6613
6614
6614
6615
6615
6615
6617
6618
6618
6619
6620
6620
6620
6621
6621
6622
6625
6626
6627
6628
6630
6631
6633
6633
6634
6634
6635
6636
6637
6638
6638
6639
6640
6641
6641
6642
6642
6643
6643
6645
6645
6645
6645
6646
6647
6649
6649
6651
6654
6656
6657
6657
6659
6659
6659
6660
6662
6662
6666
6666
6666
6669
6670
6670
6671
6671
6673
6674
6674
6675
6678
6678
6680
6681
6681
6682
6682
6683
6683
6683
6683
6684
6686
6686
6687
6688
6688
6689
6689
6691
6692
6692
6693
6693
6695
6696
6698
6699
6699
6703
6705
6706
6707
6708
6710
6712
6713
6714
6715
6715
6719
6719
6719
6721
6724
6725
6726
6727
6727
6729
6730
6732
6735
6736
6736
6737
6738
6738
6739
6740
6741
6742
6744
6746
6749
6750
6751
6752
6752
6753
6753
6759
6759
6760
6762
6763
6763
6763
6765
6766
6767
6768
6769
6770
6770
6772
6772
6772
6772
6774
6775
6775
6775
6775
6776
6779
6779
6783
6783
6785
6787
6787
6787
6788
6789
6790
6794
6794
6795
6796
6796
6797
6798
6799
6799
6801
6801
6802
6803
6803
6804
6804
6805
6805
6805
6808
6808
6809
6810
6811
6812
6812
6813
6813
6814
6815
6815
6816
6816
6817
6817
6817
6820
6821
6823
6825
6826
6832
6833
6837
6839
6841
6845
6846
6850
6851
6852
6853
6854
6854
6854
6858
6859
6860
6861
6861
6862
6863
6864
6865
6866
6866
6868
6868
6869
6869
6869
6870
6870
6871
6872
6872
6873
6873
6878
6879
6879
6879
6882
6883
6883
6885
6885
6886
6888
6888
6891
6891
6891
6893
6893
6894
6894
6896
6896
6898
6899
6899
6900
6901
6902
6903
6904
6904
6904
6904
6909
6911
6912
6913
6913
6915
6916
6921
6921
6921
6923
6923
6923
6923
6925
6926
6927
6928
6928
6931
6931
6934
6936
6940
6940
6940
6943
6943
6944
6945
6948
6949
6949
6951
6953
6954
6956
6958
6961
6961
6961
6961
6961
6962
6962
6963
6966
6966
6967
6968
6972
6975
6977
6977
6978
6979
6980
6981
6981
6984
6985
6985
6990
6990
6992
6992
6994
6996
6999
7000
7000
7000
7002
7002
7011
7013
7014
7015
7016
7016
7017
7017
7017
7017
7019
7019
7020
7026
7027
7029
7030
7036
7036
7037
7037
7038
7041
7042
7043
7045
7046
7046
7047
7048
7049
7050
7058
7058
7058
7061
7065
7066
7066
7067
7070
7072
7073
7073
7073
7073
7074
7076
7077
7077
7079
7079
7079
7079
7080
7085
7087
7087
7087
7090
7091
7092
7094
7097
7097
7098
7099
7102
7103
7104
7105
7107
7109
7110
7111
7112
7113
7115
7116
7119
7120
7120
7121
7122
7122
7124
7124
7125
7127
7128
7129
7132
7132
7133
7135
7135
7136
7138
7141
7141
7143
7144
7144
7145
7149
7149
7150
7151
7151
7153
7153
7153
7154
7156
7157
7158
7158
7159
7160
7160
7161
7162
7163
7163
7163
7165
7166
7167
7170
7173
7175
7176
7176
7176
7177
7177
7178
7178
7178
7179
7179
7179
7179
7179
7179
7180
7181
7181
7182
7182
7184
7184
7184
7185
7190
7191
7194
7195
7195
7196
7199
7201
7203
7205
7206
7207
7208
7209
7209
7210
7210
7211
7212
7214
7214
7214
7215
7216
7217
7219
7219
7220
7222
7222
7222
7223
7223
7224
7225
7226
7228
7231
7233
7233
7233
7234
7234
7234
7236
7236
7237
7239
7239
7240
7242
7242
7242
7246
7247
7250
7251
7251
7252
7252
7253
7254
7254
7258
7258
7259
7259
7260
7261
7263
7265
7268
7269
7270
7270
7271
7271
7272
7272
7273
7273
7274
7277
7277
7278
7278
7279
7279
7279
7280
7281
7285
7286
7290
7290
7291
7291
7296
7296
7297
7297
7297
7298
7299
7299
7299
7301
7301
7301
7302
7303
7303
7304
7305
7306
7308
7310
7312
7315
7316
7317
7318
7319
7319
7320
7322
7324
7325
7326
7326
7326
7327
7328
7329
7330
7332
7333
7335
7337
7337
7337
7338
7339
7339
7340
7343
7344
7344
7345
7345
7345
7347
7348
7349
7349
7350
7350
7352
7353
7353
7354
7354
7354
7355
7358
7358
7359
7360
7366
7367
7368
7368
7368
7369
7371
7373
7374
7376
7378
7378
7379
7381
7384
7386
7387
7388
7388
7389
7389
7389
7392
7392
7393
7393
7395
7397
7397
7398
7398
7398
7398
7398
7398
7399
7402
7402
7403
7403
7408
7411
7412
7413
7416
7417
7418
7418
7421
7427
7428
7428
7428
7428
7429
7429
7430
7432
7432
7433
7433
7434
7434
7436
7438
7438
7440
7442
7442
7442
7443
7444
7447
7447
7448
7450
7450
7457
7458
7459
7460
7461
7461
7462
7464
7464
7465
7466
7467
7468
7468
7468
7469
7469
7469
7471
7471
7473
7474
7475
7475
7475
7477
7478
7479
7482
7483
7485
7485
7485
7487
7487
7487
7488
7489
7489
7490
7491
7491
7492
7496
7496
7497
7497
7498
7499
7502
7503
7503
7503
7504
7505
7506
7507
7509
7512
7512
7513
7513
7513
7516
7520
7521
7521
7523
7523
7523
7524
7525
7526
7526
7527
7527
7528
7530
7531
7533
7533
7535
7535
7536
7536
7536
7536
7538
7540
7541
7541
7542
7542
7543
7543
7543
7543
7543
7543
7547
7550
7550
7551
7552
7552
7554
7559
7559
7561
7561
7562
7562
7563
7564
7564
7564
7564
7565
7568
7570
7571
7571
7572
7572
7573
7573
7573
7574
7574
7575
7577
7578
7579
7582
7583
7584
7584
7586
7587
7587
7587
7587
7589
7589
7590
7590
7590
7590
7592
7593
7596
7597
7599
7600
7600
7601
7602
7603
7604
7606
7609
7609
7609
7615
7616
7616
7617
7618
7619
7619
7621
7622
7622
7624
7625
7625
7625
7626
7627
7627
7628
7629
7629
7630
7631
7632
7632
7632
7636
7637
7638
7640
7641
7642
7643
7644
7644
7645
7647
7648
7648
7649
7650
7651
7652
7654
7655
7657
7663
7663
7668
7668
7669
7671
7671
7673
7675
7679
7680
7680
7683
7683
7685
7686
7689
7690
7690
7693
7693
7694
7696
7696
7696
7697
7698
7698
7699
7701
7702
7702
7704
7704
7704
7705
7705
7708
7709
7710
7711
7711
7715
7715
7719
7719
7721
7722
7726
7726
7729
7729
7730
7730
7730
7731
7733
7735
7737
7739
7739
7740
7741
7743
7747
7747
7748
7752
7752
7755
7757
7758
7759
7759
7760
7761
7762
7764
7764
7765
7766
7766
7767
7767
7768
7769
7769
7771
7771
7772
7773
7774
7777
7779
7780
7781
7784
7784
7784
7785
7785
7789
7791
7791
7791
7795
7796
7798
7799
7799
7801
7801
7803
7803
7803
7804
7804
7805
7809
7810
7813
7813
7815
7816
7818
7820
7820
7821
7822
7822
7823
7826
7826
7827
7828
7828
7829
7832
7835
7835
7836
7837
7838
7839
7840
7843
7843
7847
7847
7847
7848
7851
7852
7852
7853
7853
7853
7853
7856
7856
7856
7857
7857
7858
7859
7859
7861
7863
7865
7867
7868
7869
7871
7872
7874
7874
7874
7875
7875
7876
7877
7878
7878
7878
7880
7883
7887
7888
7892
7895
7898
7898
7898
7899
7901
7903
7905
7906
7907
7907
7908
7910
7911
7913
7913
7914
7914
7915
7915
7916
7917
7918
7918
7920
7920
7921
7923
7924
7931
7932
7932
7932
7933
7933
7937
7938
7939
7939
7940
7941
7941
7941
7942
7944
7947
7947
7949
7949
7949
7950
7950
7951
7951
7951
7952
7954
7954
7954
7954
7956
7958
7959
7960
7963
7963
7965
7967
7969
7971
7971
7972
7973
7973
7974
7974
7974
7976
7979
7980
7980
7980
7980
7981
7981
7982
7982
7982
7983
7983
7983
7986
7987
7988
7988
7989
7998
7999
8002
8004
8004
8005
8006
8008
8008
8009
8010
8010
8011
8012
8012
8013
8014
8014
8014
8017
8019
8019
8020
8020
8021
8022
8023
8025
8026
8027
8028
8029
8031
8032
8033
8037
8038
8038
8039
8040
8043
8044
8044
8046
8046
8047
8048
8048
8048
8050
8050
8050
8051
8051
8051
8052
8052
8053
8053
8053
8053
8054
8054
8054
8056
8057
8058
8059
8060
8061
8061
8062
8064
8066
8066
8066
8067
8069
8069
8070
8071
8071
8073
8074
8074
8075
8076
8076
8077
8077
8077
8079
8081
8081
8083
8084
8084
8085
8087
8087
8087
8087
8088
8089
8092
8093
8094
8095
8096
8096
8096
8096
8098
8100
8100
8103
8104
8104
8104
8104
8104
8105
8105
8105
8105
8106
8107
8107
8110
8110
8110
8110
8110
8111
8112
8112
8112
8114
8114
8114
8114
8116
8118
8121
8121
8121
8122
8122
8123
8124
8125
8126
8127
8127
8129
8130
8134
8134
8136
8136
8140
8140
8142
8143
8147
8148
8149
8150
8151
8154
8156
8156
8156
8157
8157
8161
8162
8162
8164
8164
8165
8165
8166
8166
8169
8170
8171
8171
8172
8176
8178
8179
8179
8180
8180
8181
8184
8184
8188
8188
8189
8191
8191
8193
8194
8194
8194
8195
8197
8198
8199
8204
8205
8206
8208
8208
8209
8210
8210
8210
8211
8214
8215
8216
8217
8217
8219
8220
8222
8223
8227
8228
8229
8230
8230
8230
8230
8231
8233
8235
8237
8238
8238
8241
8242
8243
8245
8245
8245
8246
8249
8249
8250
8252
8253
8256
8256
8257
8258
8259
8260
8260
8260
8261
8262
8263
8266
8268
8268
8268
8269
8269
8270
8270
8271
8271
8271
8272
8272
8272
8276
8278
8282
8283
8285
8287
8288
8288
8289
8291
8292
8292
8292
8292
8293
8294
8296
8298
8299
8300
8301
8303
8304
8305
8305
8306
8306
8307
8308
8309
8310
8313
8314
8315
8317
8319
8320
8320
8323
8325
8326
8327
8328
8331
8334
8334
8335
8336
8337
8338
8339
8339
8342
8343
8344
8345
8346
8346
8347
8348
8348
8349
8354
8354
8359
8360
8361
8362
8362
8363
8363
8363
8364
8366
8366
8367
8368
8369
8370
8371
8371
8372
8373
8377
8377
8377
8381
8381
8384
8384
8385
8387
8388
8388
8389
8394
8395
8395
8399
8400
8401
8402
8402
8404
8406
8410
8412
8413
8414
8414
8415
8418
8418
8419
8420
8420
8421
8423
8423
8426
8426
8428
8428
8430
8431
8433
8433
8435
8437
8438
8441
8442
8442
8443
8443
8443
8444
8446
8446
8447
8448
8448
8449
8450
8452
8454
8454
8456
8456
8456
8457
8459
8459
8459
8459
8460
8462
8462
8462
8463
8465
8465
8465
8466
8466
8466
8467
8468
8471
8474
8474
8474
8477
8478
8483
8483
8484
8486
8487
8488
8492
8493
8496
8496
8496
8498
8498
8502
8505
8505
8506
8508
8509
8510
8512
8514
8514
8515
8517
8517
8521
8521
8522
8523
8524
8525
8525
8526
8526
8527
8530
8531
8532
8533
8534
8534
8534
8535
8537
8537
8537
8537
8537
8538
8538
8538
8540
8541
8541
8543
8544
8545
8546
8546
8548
8551
8553
8553
8554
8554
8556
8556
8557
8558
8559
8559
8562
8562
8563
8565
8565
8566
8568
8568
8569
8569
8569
8570
8572
8574
8577
8578
8578
8579
8584
8584
8586
8588
8588
8590
8590
8591
8597
8597
8600
8600
8601
8601
8604
8605
8605
8605
8606
8606
8608
8609
8609
8611
8612
8612
8614
8614
8616
8616
8617
8618
8619
8620
8620
8621
8622
8624
8625
8626
8626
8627
8627
8628
8628
8628
8629
8631
8635
8637
8641
8642
8643
8646
8646
8649
8650
8653
8653
8654
8655
8656
8660
8662
8662
8663
8673
8673
8675
8680
8680
8681
8682
8683
8683
8684
8685
8688
8689
8690
8690
8690
8690
8690
8690
8692
8693
8694
8695
8696
8698
8699
8700
8700
8701
8701
8701
8702
8704
8705
8705
8705
8705
8705
8706
8714
8714
8715
8718
8718
8720
8724
8725
8726
8726
8726
8727
8728
8729
8729
8731
8733
8734
8735
8735
8737
8739
8741
8742
8742
8743
8743
8743
8747
8747
8748
8748
8749
8749
8755
8756
8756
8757
8758
8760
8760
8760
8760
8762
8762
8762
8763
8764
8765
8769
8770
8770
8771
8771
8771
8772
8774
8777
8777
8778
8778
8779
8779
8780
8780
8780
8782
8783
8783
8783
8783
8783
8784
8785
8787
8787
8788
8789
8791
8792
8793
8793
8794
8794
8795
8796
8804
8805
8805
8806
8807
8807
8807
8808
8809
8809
8814
8814
8816
8817
8818
8820
8820
8821
8821
8823
8825
8826
8829
8831
8832
8833
8835
8837
8839
8841
8843
8843
8843
8844
8846
8846
8847
8847
8848
8849
8850
8850
8851
8855
8857
8859
8862
8864
8865
8867
8868
8868
8869
8869
8871
8872
8872
8872
8874
8874
8876
8876
8878
8879
8879
8880
8880
8883
8884
8885
8886
8891
8891
8893
8893
8895
8897
8898
8898
8898
8899
8900
8900
8901
8902
8904
8904
8909
8909
8909
8911
8911
8914
8915
8919
8920
8921
8922
8923
8925
8927
8927
8928
8928
8933
8934
8937
8937
8939
8939
8941
8942
8943
8944
8947
8948
8949
8949
8950
8951
8951
8952
8954
8955
8955
8955
8957
8959
8959
8961
8962
8962
8962
8963
8963
8965
8965
8966
8966
8968
8968
8969
8969
8970
8970
8971
8972
8972
8972
8972
8972
8974
8975
8976
8977
8978
8978
8980
8980
8984
8984
8985
8987
8987
8991
8991
8992
8993
8993
8996
8996
8999
8999
9000
9003
9004
9006
9009
9011
9012
9012
9014
9015
9018
9019
9021
9021
9023
9026
9026
9028
9028
9029
9030
9032
9034
9034
9036
9039
9040
9040
9040
9041
9043
9046
9046
9047
9050
9050
9050
9051
9053
9054
9056
9056
9059
9060
9060
9062
9062
9063
9063
9067
9068
9069
9071
9071
9072
9073
9074
9076
9076
9078
9079
9081
9081
9082
9082
9084
9085
9087
9088
9090
9094
9095
9097
9098
9100
9100
9101
9102
9102
9104
9104
9105
9106
9107
9109
9112
9113
9115
9116
9117
9117
9118
9120
9121
9123
9123
9124
9124
9125
9125
9126
9126
9128
9128
9129
9129
9130
9130
9134
9134
9135
9135
9135
9139
9142
9142
9145
9146
9146
9147
9147
9147
9148
9149
9150
9150
9151
9152
9152
9154
9155
9157
9158
9158
9159
9159
9160
9161
9162
9165
9166
9167
9168
9168
9169
9170
9172
9172
9173
9174
9174
9174
9175
9179
9179
9179
9179
9180
9180
9180
9182
9182
9183
9183
9184
9184
9185
9186
9188
9190
9190
9190
9192
9194
9195
9196
9197
9198
9199
9199
9200
9202
9204
9205
9205
9206
9207
9208
9210
9212
9212
9214
9214
9216
9216
9219
9219
9220
9220
9221
9222
9223
9223
9223
9224
9224
9225
9225
9226
9229
9230
9230
9231
9233
9235
9235
9237
9238
9238
9238
9239
9239
9240
9241
9241
9254
9255
9257
9257
9257
9259
9259
9260
9260
9262
9262
9262
9263
9263
9264
9265
9267
9267
9269
9270
9270
9270
9272
9272
9272
9273
9273
9274
9275
9276
9277
9278
9278
9279
9279
9280
9281
9282
9282
9283
9283
9284
9284
9285
9287
9288
9290
9290
9291
9291
9293
9293
9293
9294
9299
9300
9303
9303
9305
9306
9306
9306
9307
9308
9308
9308
9308
9309
9310
9312
9312
9312
9313
9313
9314
9315
9316
9316
9321
9324
9325
9326
9328
9328
9328
9329
9330
9331
9331
9333
9333
9334
9334
9335
9336
9337
9337
9338
9339
9341
9343
9344
9345
9345
9346
9347
9347
9348
9348
9351
9351
9352
9352
9353
9354
9355
9356
9357
9359
9359
9361
9366
9369
9369
9370
9370
9371
9371
9372
9374
9375
9378
9382
9382
9383
9384
9385
9386
9387
9389
9389
9389
9390
9390
9390
9391
9392
9392
9394
9395
9397
9400
9401
9403
9405
9408
9410
9413
9415
9415
9418
9419
9419
9420
9420
9427
9428
9430
9430
9431
9431
9432
9434
9434
9434
9436
9436
9441
9441
9442
9443
9443
9443
9448
9450
9450
9450
9451
9453
9455
9455
9459
9460
9460
9462
9462
9463
9464
9467
9469
9469
9469
9472
9472
9474
9477
9479
9481
9481
9482
9482
9484
9484
9487
9489
9489
9490
9492
9493
9494
9495
9496
9496
9496
9497
9500
9501
9501
9501
9503
9503
9504
9506
9508
9508
9510
9511
9511
9511
9512
9513
9513
9519
9520
9520
9521
9524
9525
9528
9529
9529
9529
9531
9531
9533
9533
9534
9535
9536
9540
9541
9541
9544
9545
9546
9547
9547
9547
9549
9549
9549
9551
9553
9553
9553
9554
9554
9556
9556
9557
9557
9558
9559
9560
9561
9563
9563
9568
9568
9573
9575
9575
9576
9576
9578
9579
9582
9585
9585
9591
9593
9595
9596
9596
9597
9601
9601
9605
9606
9607
9607
9608
9608
9610
9612
9613
9613
9613
9613
9614
9614
9615
9620
9620
9622
9623
9624
9624
9624
9626
9627
9627
9629
9629
9633
9633
9634
9636
9638
9638
9641
9641
9643
9643
9643
9644
9646
9646
9649
9649
9652
9652
9656
9658
9659
9659
9659
9660
9665
9665
9666
9666
9666
9668
9669
9670
9671
9672
9674
9674
9675
9677
9679
9679
9680
9681
9682
9683
9684
9684
9687
9689
9690
9690
9691
9691
9692
9693
9693
9696
9701
9704
9708
9709
9710
9711
9712
9713
9714
9714
9716
9716
9718
9722
9723
9723
9724
9726
9727
9729
9731
9732
9733
9734
9734
9734
9735
9735
9735
9736
9736
9738
9739
9739
9740
9741
9741
9741
9742
9744
9744
9744
9747
9748
9748
9750
9752
9755
9755
9756
9757
9758
9759
9759
9759
9760
9760
9763
9767
9768
9768
9768
9769
9772
9772
9774
9775
9775
9778
9779
9780
9783
9787
9787
9788
9788
9789
9791
9792
9794
9799
9800
9801
9804
9806
9806
9807
9808
9808
9808
9809
9809
9811
9812
9812
9812
9813
9813
9813
9813
9818
9819
9820
9820
9821
9822
9823
9824
9825
9825
9825
9826
9827
9828
9828
9829
9830
9830
9830
9832
9832
9833
9834
9835
9835
9837
9837
9839
9839
9840
9840
9841
9843
9843
9844
9844
9844
9845
9846
9846
9848
9849
9851
9852
9852
9852
9857
9858
9859
9859
9860
9861
9862
9863
9864
9865
9865
9868
9868
9868
9868
9876
9878
9879
9880
9882
9883
9884
9886
9887
9888
9890
9890
9890
9894
9895
9895
9896
9898
9900
9900
9900
9903
9904
9904
9905
9906
9906
9906
9908
9909
9909
9909
9912
9912
9913
9913
9914
9914
9915
9915
9917
9919
9921
9922
9925
9927
9927
9928
9929
9930
9930
9931
9931
9932
9932
9934
9934
9935
9935
9937
9937
9938
9938
9940
9943
9943
9943
9949
9950
9951
9952
9952
9952
9953
9954
9954
9955
9955
9956
9959
9959
9961
9962
9965
9966
9967
9967
9967
9971
9972
9973
9973
9974
9974
9975
9976
9979
9979
9980
9982
9982
9983
9984
9984
9987
9988
9989
9989
9990
9990
9992
9992
9994
9995
9996
9997
9998
9998
9998
9999
