9999
9998
9998
9998
9997
9996
9995
9994
9992
9992
9990
9990
9989
9989
9988
9987
9984
9984
9983
9982
9982
9980
9979
9979
9976
9975
9974
9974
9973
9973
9972
9971
9967
9967
9967
9966
9965
9962
9961
9959
9959
9956
9955
9955
9954
9954
9953
9952
9952
9952
9951
9950
9949
9943
9943
9943
9940
9938
9938
9937
9937
9935
9935
9934
9934
9932
9932
9931
9931
9930
9930
9929
9928
9927
9927
9925
9922
9921
9919
9917
9915
9915
9914
9914
9913
9913
9912
9912
9909
9909
9909
9908
9906
9906
9906
9905
9904
9904
9903
9900
9900
9900
9898
9896
9895
9895
9894
9890
9890
9890
9888
9887
9886
9884
9883
9882
9880
9879
9878
9876
9868
9868
9868
9868
9865
9865
9864
9863
9862
9861
9860
9859
9859
9858
9857
9852
9852
9852
9851
9849
9848
9846
9846
9845
9844
9844
9844
9843
9843
9841
9840
9840
9839
9839
9837
9837
9835
9835
9834
9833
9832
9832
9830
9830
9830
9829
9828
9828
9827
9826
9825
9825
9825
9824
9823
9822
9821
9820
9820
9819
9818
9813
9813
9813
9813
9812
9812
9812
9811
9809
9809
9808
9808
9808
9807
9806
9806
9804
9801
9800
9799
9794
9792
9791
9789
9788
9788
9787
9787
9783
9780
9779
9778
9775
9775
9774
9772
9772
9769
9768
9768
9768
9767
9763
9760
9760
9759
9759
9759
9758
9757
9756
9755
9755
9752
9750
9748
9748
9747
9744
9744
9744
9742
9741
9741
9741
9740
9739
9739
9738
9736
9736
9735
9735
9735
9734
9734
9734
9733
9732
9731
9729
9727
9726
9724
9723
9723
9722
9718
9716
9716
9714
9714
9713
9712
9711
9710
9709
9708
9704
9701
9696
9693
9693
9692
9691
9691
9690
9690
9689
9687
9684
9684
9683
9682
9681
9680
9679
9679
9677
9675
9674
9674
9672
9671
9670
9669
9668
9666
9666
9666
9665
9665
9660
9659
9659
9659
9658
9656
9652
9652
9649
9649
9646
9646
9644
9643
9643
9643
9641
9641
9638
9638
9636
9634
9633
9633
9629
9629
9627
9627
9626
9624
9624
9624
9623
9622
9620
9620
9615
9614
9614
9613
9613
9613
9613
9612
9610
9608
9608
9607
9607
9606
9605
9601
9601
9597
9596
9596
9595
9593
9591
9585
9585
9582
9579
9578
9576
9576
9575
9575
9573
9568
9568
9563
9563
9561
9560
9559
9558
9557
9557
9556
9556
9554
9554
9553
9553
9553
9551
9549
9549
9549
9547
9547
9547
9546
9545
9544
9541
9541
9540
9536
9535
9534
9533
9533
9531
9531
9529
9529
9529
9528
9525
9524
9521
9520
9520
9519
9513
9513
9512
9511
9511
9511
9510
9508
9508
9506
9504
9503
9503
9501
9501
9501
9500
9497
9496
9496
9496
9495
9494
9493
9492
9490
9489
9489
9487
9484
9484
9482
9482
9481
9481
9479
9477
9474
9472
9472
9469
9469
9469
9467
9464
9463
9462
9462
9460
9460
9459
9455
9455
9453
9451
9450
9450
9450
9448
9443
9443
9443
9442
9441
9441
9436
9436
9434
9434
9434
9432
9431
9431
9430
9430
9428
9427
9420
9420
9419
9419
9418
9415
9415
9413
9410
9408
9405
9403
9401
9400
9397
9395
9394
9392
9392
9391
9390
9390
9390
9389
9389
9389
9387
9386
9385
9384
9383
9382
9382
9378
9375
9374
9372
9371
9371
9370
9370
9369
9369
9366
9361
9359
9359
9357
9356
9355
9354
9353
9352
9352
9351
9351
9348
9348
9347
9347
9346
9345
9345
9344
9343
9341
9339
9338
9337
9337
9336
9335
9334
9334
9333
9333
9331
9331
9330
9329
9328
9328
9328
9326
9325
9324
9321
9316
9316
9315
9314
9313
9313
9312
9312
9312
9310
9309
9308
9308
9308
9308
9307
9306
9306
9306
9305
9303
9303
9300
9299
9294
9293
9293
9293
9291
9291
9290
9290
9288
9287
9285
9284
9284
9283
9283
9282
9282
9281
9280
9279
9279
9278
9278
9277
9276
9275
9274
9273
9273
9272
9272
9272
9270
9270
9270
9269
9267
9267
9265
9264
9263
9263
9262
9262
9262
9260
9260
9259
9259
9257
9257
9257
9255
9254
9241
9241
9240
9239
9239
9238
9238
9238
9237
9235
9235
9233
9231
9230
9230
9229
9226
9225
9225
9224
9224
9223
9223
9223
9222
9221
9220
9220
9219
9219
9216
9216
9214
9214
9212
9212
9210
9208
9207
9206
9205
9205
9204
9202
9200
9199
9199
9198
9197
9196
9195
9194
9192
9190
9190
9190
9188
9186
9185
9184
9184
9183
9183
9182
9182
9180
9180
9180
9179
9179
9179
9179
9175
9174
9174
9174
9173
9172
9172
9170
9169
9168
9168
9167
9166
9165
9162
9161
9160
9159
9159
9158
9158
9157
9155
9154
9152
9152
9151
9150
9150
9149
9148
9147
9147
9147
9146
9146
9145
9142
9142
9139
9135
9135
9135
9134
9134
9130
9130
9129
9129
9128
9128
9126
9126
9125
9125
9124
9124
9123
9123
9121
9120
9118
9117
9117
9116
9115
9113
9112
9109
9107
9106
9105
9104
9104
9102
9102
9101
9100
9100
9098
9097
9095
9094
9090
9088
9087
9085
9084
9082
9082
9081
9081
9079
9078
9076
9076
9074
9073
9072
9071
9071
9069
9068
9067
9063
9063
9062
9062
9060
9060
9059
9056
9056
9054
9053
9051
9050
9050
9050
9047
9046
9046
9043
9041
9040
9040
9040
9039
9036
9034
9034
9032
9030
9029
9028
9028
9026
9026
9023
9021
9021
9019
9018
9015
9014
9012
9012
9011
9009
9006
9004
9003
9000
8999
8999
8996
8996
8993
8993
8992
8991
8991
8987
8987
8985
8984
8984
8980
8980
8978
8978
8977
8976
8975
8974
8972
8972
8972
8972
8972
8971
8970
8970
8969
8969
8968
8968
8966
8966
8965
8965
8963
8963
8962
8962
8962
8961
8959
8959
8957
8955
8955
8955
8954
8952
8951
8951
8950
8949
8949
8948
8947
8944
8943
8942
8941
8939
8939
8937
8937
8934
8933
8928
8928
8927
8927
8925
8923
8922
8921
8920
8919
8915
8914
8911
8911
8909
8909
8909
8904
8904
8902
8901
8900
8900
8899
8898
8898
8898
8897
8895
8893
8893
8891
8891
8886
8885
8884
8883
8880
8880
8879
8879
8878
8876
8876
8874
8874
8872
8872
8872
8871
8869
8869
8868
8868
8867
8865
8864
8862
8859
8857
8855
8851
8850
8850
8849
8848
8847
8847
8846
8846
8844
8843
8843
8843
8841
8839
8837
8835
8833
8832
8831
8829
8826
8825
8823
8821
8821
8820
8820
8818
8817
8816
8814
8814
8809
8809
8808
8807
8807
8807
8806
8805
8805
8804
8796
8795
8794
8794
8793
8793
8792
8791
8789
8788
8787
8787
8785
8784
8783
8783
8783
8783
8783
8782
8780
8780
8780
8779
8779
8778
8778
8777
8777
8774
8772
8771
8771
8771
8770
8770
8769
8765
8764
8763
8762
8762
8762
8760
8760
8760
8760
8758
8757
8756
8756
8755
8749
8749
8748
8748
8747
8747
8743
8743
8743
8742
8742
8741
8739
8737
8735
8735
8734
8733
8731
8729
8729
8728
8727
8726
8726
8726
8725
8724
8720
8718
8718
8715
8714
8714
8706
8705
8705
8705
8705
8705
8704
8702
8701
8701
8701
8700
8700
8699
8698
8696
8695
8694
8693
8692
8690
8690
8690
8690
8690
8690
8689
8688
8685
8684
8683
8683
8682
8681
8680
8680
8675
8673
8673
8663
8662
8662
8660
8656
8655
8654
8653
8653
8650
8649
8646
8646
8643
8642
8641
8637
8635
8631
8629
8628
8628
8628
8627
8627
8626
8626
8625
8624
8622
8621
8620
8620
8619
8618
8617
8616
8616
8614
8614
8612
8612
8611
8609
8609
8608
8606
8606
8605
8605
8605
8604
8601
8601
8600
8600
8597
8597
8591
8590
8590
8588
8588
8586
8584
8584
8579
8578
8578
8577
8574
8572
8570
8569
8569
8569
8568
8568
8566
8565
8565
8563
8562
8562
8559
8559
8558
8557
8556
8556
8554
8554
8553
8553
8551
8548
8546
8546
8545
8544
8543
8541
8541
8540
8538
8538
8538
8537
8537
8537
8537
8537
8535
8534
8534
8534
8533
8532
8531
8530
8527
8526
8526
8525
8525
8524
8523
8522
8521
8521
8517
8517
8515
8514
8514
8512
8510
8509
8508
8506
8505
8505
8502
8498
8498
8496
8496
8496
8493
8492
8488
8487
8486
8484
8483
8483
8478
8477
8474
8474
8474
8471
8468
8467
8466
8466
8466
8465
8465
8465
8463
8462
8462
8462
8460
8459
8459
8459
8459
8457
8456
8456
8456
8454
8454
8452
8450
8449
8448
8448
8447
8446
8446
8444
8443
8443
8443
8442
8442
8441
8438
8437
8435
8433
8433
8431
8430
8428
8428
8426
8426
8423
8423
8421
8420
8420
8419
8418
8418
8415
8414
8414
8413
8412
8410
8406
8404
8402
8402
8401
8400
8399
8395
8395
8394
8389
8388
8388
8387
8385
8384
8384
8381
8381
8377
8377
8377
8373
8372
8371
8371
8370
8369
8368
8367
8366
8366
8364
8363
8363
8363
8362
8362
8361
8360
8359
8354
8354
8349
8348
8348
8347
8346
8346
8345
8344
8343
8342
8339
8339
8338
8337
8336
8335
8334
8334
8331
8328
8327
8326
8325
8323
8320
8320
8319
8317
8315
8314
8313
8310
8309
8308
8307
8306
8306
8305
8305
8304
8303
8301
8300
8299
8298
8296
8294
8293
8292
8292
8292
8292
8291
8289
8288
8288
8287
8285
8283
8282
8278
8276
8272
8272
8272
8271
8271
8271
8270
8270
8269
8269
8268
8268
8268
8266
8263
8262
8261
8260
8260
8260
8259
8258
8257
8256
8256
8253
8252
8250
8249
8249
8246
8245
8245
8245
8243
8242
8241
8238
8238
8237
8235
8233
8231
8230
8230
8230
8230
8229
8228
8227
8223
8222
8220
8219
8217
8217
8216
8215
8214
8211
8210
8210
8210
8209
8208
8208
8206
8205
8204
8199
8198
8197
8195
8194
8194
8194
8193
8191
8191
8189
8188
8188
8184
8184
8181
8180
8180
8179
8179
8178
8176
8172
8171
8171
8170
8169
8166
8166
8165
8165
8164
8164
8162
8162
8161
8157
8157
8156
8156
8156
8154
8151
8150
8149
8148
8147
8143
8142
8140
8140
8136
8136
8134
8134
8130
8129
8127
8127
8126
8125
8124
8123
8122
8122
8121
8121
8121
8118
8116
8114
8114
8114
8114
8112
8112
8112
8111
8110
8110
8110
8110
8110
8107
8107
8106
8105
8105
8105
8105
8104
8104
8104
8104
8104
8103
8100
8100
8098
8096
8096
8096
8096
8095
8094
8093
8092
8089
8088
8087
8087
8087
8087
8085
8084
8084
8083
8081
8081
8079
8077
8077
8077
8076
8076
8075
8074
8074
8073
8071
8071
8070
8069
8069
8067
8066
8066
8066
8064
8062
8061
8061
8060
8059
8058
8057
8056
8054
8054
8054
8053
8053
8053
8053
8052
8052
8051
8051
8051
8050
8050
8050
8048
8048
8048
8047
8046
8046
8044
8044
8043
8040
8039
8038
8038
8037
8033
8032
8031
8029
8028
8027
8026
8025
8023
8022
8021
8020
8020
8019
8019
8017
8014
8014
8014
8013
8012
8012
8011
8010
8010
8009
8008
8008
8006
8005
8004
8004
8002
7999
7998
7989
7988
7988
7987
7986
7983
7983
7983
7982
7982
7982
7981
7981
7980
7980
7980
7980
7979
7976
7974
7974
7974
7973
7973
7972
7971
7971
7969
7967
7965
7963
7963
7960
7959
7958
7956
7954
7954
7954
7954
7952
7951
7951
7951
7950
7950
7949
7949
7949
7947
7947
7944
7942
7941
7941
7941
7940
7939
7939
7938
7937
7933
7933
7932
7932
7932
7931
7924
7923
7921
7920
7920
7918
7918
7917
7916
7915
7915
7914
7914
7913
7913
7911
7910
7908
7907
7907
7906
7905
7903
7901
7899
7898
7898
7898
7895
7892
7888
7887
7883
7880
7878
7878
7878
7877
7876
7875
7875
7874
7874
7874
7872
7871
7869
7868
7867
7865
7863
7861
7859
7859
7858
7857
7857
7856
7856
7856
7853
7853
7853
7853
7852
7852
7851
7848
7847
7847
7847
7843
7843
7840
7839
7838
7837
7836
7835
7835
7832
7829
7828
7828
7827
7826
7826
7823
7822
7822
7821
7820
7820
7818
7816
7815
7813
7813
7810
7809
7805
7804
7804
7803
7803
7803
7801
7801
7799
7799
7798
7796
7795
7791
7791
7791
7789
7785
7785
7784
7784
7784
7781
7780
7779
7777
7774
7773
7772
7771
7771
7769
7769
7768
7767
7767
7766
7766
7765
7764
7764
7762
7761
7760
7759
7759
7758
7757
7755
7752
7752
7748
7747
7747
7743
7741
7740
7739
7739
7737
7735
7733
7731
7730
7730
7730
7729
7729
7726
7726
7722
7721
7719
7719
7715
7715
7711
7711
7710
7709
7708
7705
7705
7704
7704
7704
7702
7702
7701
7699
7698
7698
7697
7696
7696
7696
7694
7693
7693
7690
7690
7689
7686
7685
7683
7683
7680
7680
7679
7675
7673
7671
7671
7669
7668
7668
7663
7663
7657
7655
7654
7652
7651
7650
7649
7648
7648
7647
7645
7644
7644
7643
7642
7641
7640
7638
7637
7636
7632
7632
7632
7631
7630
7629
7629
7628
7627
7627
7626
7625
7625
7625
7624
7622
7622
7621
7619
7619
7618
7617
7616
7616
7615
7609
7609
7609
7606
7604
7603
7602
7601
7600
7600
7599
7597
7596
7593
7592
7590
7590
7590
7590
7589
7589
7587
7587
7587
7587
7586
7584
7584
7583
7582
7579
7578
7577
7575
7574
7574
7573
7573
7573
7572
7572
7571
7571
7570
7568
7565
7564
7564
7564
7564
7563
7562
7562
7561
7561
7559
7559
7554
7552
7552
7551
7550
7550
7547
7543
7543
7543
7543
7543
7543
7542
7542
7541
7541
7540
7538
7536
7536
7536
7536
7535
7535
7533
7533
7531
7530
7528
7527
7527
7526
7526
7525
7524
7523
7523
7523
7521
7521
7520
7516
7513
7513
7513
7512
7512
7509
7507
7506
7505
7504
7503
7503
7503
7502
7499
7498
7497
7497
7496
7496
7492
7491
7491
7490
7489
7489
7488
7487
7487
7487
7485
7485
7485
7483
7482
7479
7478
7477
7475
7475
7475
7474
7473
7471
7471
7469
7469
7469
7468
7468
7468
7467
7466
7465
7464
7464
7462
7461
7461
7460
7459
7458
7457
7450
7450
7448
7447
7447
7444
7443
7442
7442
7442
7440
7438
7438
7436
7434
7434
7433
7433
7432
7432
7430
7429
7429
7428
7428
7428
7428
7427
7421
7418
7418
7417
7416
7413
7412
7411
7408
7403
7403
7402
7402
7399
7398
7398
7398
7398
7398
7398
7397
7397
7395
7393
7393
7392
7392
7389
7389
7389
7388
7388
7387
7386
7384
7381
7379
7378
7378
7376
7374
7373
7371
7369
7368
7368
7368
7367
7366
7360
7359
7358
7358
7355
7354
7354
7354
7353
7353
7352
7350
7350
7349
7349
7348
7347
7345
7345
7345
7344
7344
7343
7340
7339
7339
7338
7337
7337
7337
7335
7333
7332
7330
7329
7328
7327
7326
7326
7326
7325
7324
7322
7320
7319
7319
7318
7317
7316
7315
7312
7310
7308
7306
7305
7304
7303
7303
7302
7301
7301
7301
7299
7299
7299
7298
7297
7297
7297
7296
7296
7291
7291
7290
7290
7286
7285
7281
7280
7279
7279
7279
7278
7278
7277
7277
7274
7273
7273
7272
7272
7271
7271
7270
7270
7269
7268
7265
7263
7261
7260
7259
7259
7258
7258
7254
7254
7253
7252
7252
7251
7251
7250
7247
7246
7242
7242
7242
7240
7239
7239
7237
7236
7236
7234
7234
7234
7233
7233
7233
7231
7228
7226
7225
7224
7223
7223
7222
7222
7222
7220
7219
7219
7217
7216
7215
7214
7214
7214
7212
7211
7210
7210
7209
7209
7208
7207
7206
7205
7203
7201
7199
7196
7195
7195
7194
7191
7190
7185
7184
7184
7184
7182
7182
7181
7181
7180
7179
7179
7179
7179
7179
7179
7178
7178
7178
7177
7177
7176
7176
7176
7175
7173
7170
7167
7166
7165
7163
7163
7163
7162
7161
7160
7160
7159
7158
7158
7157
7156
7154
7153
7153
7153
7151
7151
7150
7149
7149
7145
7144
7144
7143
7141
7141
7138
7136
7135
7135
7133
7132
7132
7129
7128
7127
7125
7124
7124
7122
7122
7121
7120
7120
7119
7116
7115
7113
7112
7111
7110
7109
7107
7105
7104
7103
7102
7099
7098
7097
7097
7094
7092
7091
7090
7087
7087
7087
7085
7080
7079
7079
7079
7079
7077
7077
7076
7074
7073
7073
7073
7073
7072
7070
7067
7066
7066
7065
7061
7058
7058
7058
7050
7049
7048
7047
7046
7046
7045
7043
7042
7041
7038
7037
7037
7036
7036
7030
7029
7027
7026
7020
7019
7019
7017
7017
7017
7017
7016
7016
7015
7014
7013
7011
7002
7002
7000
7000
7000
6999
6996
6994
6992
6992
6990
6990
6985
6985
6984
6981
6981
6980
6979
6978
6977
6977
6975
6972
6968
6967
6966
6966
6963
6962
6962
6961
6961
6961
6961
6961
6958
6956
6954
6953
6951
6949
6949
6948
6945
6944
6943
6943
6940
6940
6940
6936
6934
6931
6931
6928
6928
6927
6926
6925
6923
6923
6923
6923
6921
6921
6921
6916
6915
6913
6913
6912
6911
6909
6904
6904
6904
6904
6903
6902
6901
6900
6899
6899
6898
6896
6896
6894
6894
6893
6893
6891
6891
6891
6888
6888
6886
6885
6885
6883
6883
6882
6879
6879
6879
6878
6873
6873
6872
6872
6871
6870
6870
6869
6869
6869
6868
6868
6866
6866
6865
6864
6863
6862
6861
6861
6860
6859
6858
6854
6854
6854
6853
6852
6851
6850
6846
6845
6841
6839
6837
6833
6832
6826
6825
6823
6821
6820
6817
6817
6817
6816
6816
6815
6815
6814
6813
6813
6812
6812
6811
6810
6809
6808
6808
6805
6805
6805
6804
6804
6803
6803
6802
6801
6801
6799
6799
6798
6797
6796
6796
6795
6794
6794
6790
6789
6788
6787
6787
6787
6785
6783
6783
6779
6779
6776
6775
6775
6775
6775
6774
6772
6772
6772
6772
6770
6770
6769
6768
6767
6766
6765
6763
6763
6763
6762
6760
6759
6759
6753
6753
6752
6752
6751
6750
6749
6746
6744
6742
6741
6740
6739
6738
6738
6737
6736
6736
6735
6732
6730
6729
6727
6727
6726
6725
6724
6721
6719
6719
6719
6715
6715
6714
6713
6712
6710
6708
6707
6706
6705
6703
6699
6699
6698
6696
6695
6693
6693
6692
6692
6691
6689
6689
6688
6688
6687
6686
6686
6684
6683
6683
6683
6683
6682
6682
6681
6681
6680
6678
6678
6675
6674
6674
6673
6671
6671
6670
6670
6669
6666
6666
6666
6662
6662
6660
6659
6659
6659
6657
6657
6656
6654
6651
6649
6649
6647
6646
6645
6645
6645
6645
6643
6643
6642
6642
6641
6641
6640
6639
6638
6638
6637
6636
6635
6634
6634
6633
6633
6631
6630
6628
6627
6626
6625
6622
6621
6621
6620
6620
6620
6619
6618
6618
6617
6615
6615
6615
6614
6614
6613
6612
6612
6611
6611
6609
6608
6606
6605
6604
6604
6604
6603
6603
6602
6602
6600
6600
6600
6599
6599
6595
6594
6593
6593
6592
6590
6589
6589
6588
6586
6585
6583
6583
6583
6583
6581
6580
6579
6576
6576
6575
6574
6570
6570
6568
6567
6566
6565
6562
6560
6560
6560
6558
6557
6555
6553
6553
6552
6552
6551
6550
6549
6548
6547
6547
6547
6547
6543
6543
6541
6539
6539
6538
6537
6536
6535
6535
6535
6531
6531
6528
6526
6525
6524
6523
6523
6523
6519
6516
6516
6516
6515
6514
6513
6511
6508
6507
6506
6506
6504
6501
6500
6499
6499
6498
6497
6496
6496
6495
6494
6493
6491
6491
6491
6490
6490
6490
6488
6487
6486
6485
6483
6482
6482
6481
6479
6478
6477
6476
6476
6475
6475
6473
6473
6472
6472
6471
6471
6470
6469
6468
6466
6465
6465
6463
6461
6459
6457
6454
6454
6453
6451
6451
6450
6450
6449
6449
6449
6449
6448
6446
6444
6444
6443
6443
6442
6442
6441
6439
6439
6438
6435
6435
6434
6433
6431
6431
6431
6430
6428
6427
6427
6422
6421
6420
6419
6419
6419
6418
6417
6417
6415
6415
6415
6414
6413
6413
6412
6412
6411
6410
6410
6409
6407
6406
6406
6405
6405
6403
6402
6400
6399
6399
6397
6392
6390
6389
6389
6387
6387
6386
6385
6385
6383
6383
6383
6383
6382
6381
6380
6379
6379
6379
6378
6378
6375
6373
6372
6369
6368
6367
6364
6364
6363
6362
6361
6360
6358
6357
6357
6357
6356
6356
6355
6354
6354
6351
6351
6351
6349
6348
6345
6345
6344
6344
6342
6340
6340
6339
6338
6338
6337
6336
6336
6335
6333
6332
6328
6328
6327
6327
6324
6323
6323
6322
6320
6319
6316
6316
6315
6314
6314
6313
6312
6312
6312
6311
6309
6308
6307
6307
6304
6303
6302
6302
6302
6301
6299
6299
6299
6299
6298
6297
6297
6294
6292
6291
6290
6290
6290
6289
6288
6285
6285
6284
6282
6278
6277
6275
6275
6274
6274
6272
6272
6271
6269
6269
6266
6265
6264
6263
6262
6261
6260
6260
6259
6257
6256
6252
6251
6251
6251
6250
6249
6247
6246
6244
6243
6240
6240
6238
6236
6235
6235
6234
6233
6232
6232
6232
6232
6231
6231
6230
6228
6225
6224
6224
6223
6222
6221
6218
6216
6216
6216
6215
6215
6210
6210
6209
6209
6208
6205
6204
6204
6204
6203
6202
6201
6199
6199
6199
6197
6196
6194
6194
6194
6193
6193
6193
6192
6190
6189
6187
6187
6185
6183
6183
6182
6180
6179
6175
6175
6173
6172
6172
6171
6171
6170
6169
6168
6166
6166
6166
6165
6164
6163
6162
6162
6161
6161
6159
6158
6157
6157
6155
6155
6155
6154
6154
6151
6150
6150
6149
6146
6146
6146
6145
6144
6144
6144
6144
6143
6142
6141
6140
6138
6136
6136
6135
6134
6132
6131
6129
6127
6126
6126
6125
6124
6123
6123
6122
6121
6117
6111
6109
6109
6109
6109
6109
6107
6107
6106
6105
6105
6104
6102
6101
6100
6099
6099
6095
6094
6093
6092
6092
6092
6091
6090
6090
6089
6087
6087
6087
6086
6086
6084
6084
6083
6082
6081
6080
6079
6078
6078
6077
6076
6075
6075
6075
6074
6072
6070
6069
6068
6068
6067
6067
6067
6067
6066
6064
6061
6060
6059
6058
6058
6058
6058
6057
6057
6056
6056
6055
6055
6054
6053
6048
6047
6047
6047
6047
6046
6046
6044
6044
6043
6043
6043
6041
6041
6040
6039
6038
6037
6036
6036
6035
6033
6033
6030
6030
6029
6029
6028
6028
6027
6026
6024
6023
6023
6022
6022
6021
6020
6017
6017
6016
6015
6013
6013
6013
6012
6010
6009
6007
6006
6005
6004
6003
6002
6002
6000
5998
5996
5996
5996
5996
5995
5995
5994
5994
5990
5987
5987
5987
5986
5985
5983
5982
5981
5981
5979
5978
5975
5975
5975
5975
5975
5973
5967
5961
5960
5959
5958
5957
5956
5956
5953
5953
5951
5951
5950
5948
5947
5946
5945
5945
5944
5943
5942
5942
5941
5940
5938
5937
5936
5935
5935
5935
5934
5932
5932
5929
5926
5925
5923
5921
5920
5919
5918
5918
5918
5917
5917
5917
5916
5916
5916
5914
5914
5911
5911
5910
5909
5908
5907
5907
5906
5901
5900
5900
5899
5898
5897
5894
5894
5892
5891
5891
5890
5890
5889
5889
5887
5887
5887
5886
5883
5882
5882
5879
5878
5877
5876
5876
5875
5874
5874
5874
5872
5870
5869
5868
5867
5865
5864
5864
5864
5863
5861
5861
5860
5859
5858
5858
5855
5853
5853
5852
5851
5851
5850
5848
5847
5846
5846
5845
5845
5843
5842
5841
5841
5841
5841
5839
5839
5837
5836
5835
5832
5831
5830
5830
5829
5829
5827
5827
5826
5824
5823
5819
5818
5816
5815
5812
5811
5806
5806
5804
5804
5802
5802
5800
5800
5799
5799
5799
5799
5798
5798
5798
5795
5794
5794
5792
5791
5790
5788
5784
5783
5783
5782
5782
5780
5780
5779
5778
5778
5777
5777
5773
5773
5772
5772
5771
5770
5770
5769
5769
5768
5766
5766
5765
5765
5765
5763
5762
5759
5758
5756
5756
5755
5751
5750
5749
5749
5748
5748
5747
5746
5744
5743
5742
5741
5741
5740
5740
5740
5739
5738
5734
5734
5732
5730
5730
5727
5727
5724
5724
5723
5722
5721
5720
5719
5719
5718
5718
5718
5718
5716
5715
5715
5714
5714
5712
5711
5709
5709
5708
5708
5707
5706
5706
5705
5705
5702
5702
5702
5701
5701
5701
5699
5698
5696
5689
5688
5686
5686
5686
5685
5684
5681
5680
5680
5680
5680
5679
5679
5678
5677
5676
5674
5674
5674
5673
5672
5672
5672
5671
5670
5670
5670
5669
5668
5667
5664
5664
5662
5662
5661
5660
5659
5659
5658
5658
5656
5655
5653
5652
5651
5649
5648
5647
5646
5642
5640
5639
5638
5637
5637
5637
5637
5635
5634
5633
5632
5632
5630
5629
5629
5628
5627
5627
5624
5623
5622
5622
5621
5621
5619
5618
5617
5612
5612
5611
5609
5608
5608
5606
5605
5605
5603
5601
5600
5598
5595
5593
5592
5592
5591
5587
5586
5586
5585
5582
5582
5581
5581
5581
5578
5577
5576
5575
5574
5571
5571
5570
5570
5569
5568
5568
5567
5567
5565
5564
5563
5562
5559
5558
5558
5558
5557
5557
5555
5555
5552
5551
5549
5549
5548
5547
5547
5546
5545
5544
5544
5542
5542
5541
5540
5539
5539
5538
5535
5533
5531
5530
5529
5528
5525
5523
5523
5521
5521
5519
5519
5518
5517
5517
5516
5515
5512
5512
5510
5510
5508
5506
5505
5503
5503
5499
5498
5497
5497
5495
5494
5492
5490
5490
5488
5488
5487
5487
5486
5485
5483
5482
5482
5482
5481
5480
5479
5479
5479
5478
5478
5476
5476
5476
5475
5474
5474
5474
5473
5472
5470
5468
5465
5463
5463
5462
5460
5459
5458
5457
5456
5456
5454
5453
5450
5447
5444
5440
5438
5437
5437
5437
5436
5435
5433
5433
5432
5431
5430
5428
5427
5427
5427
5426
5425
5424
5424
5422
5420
5420
5419
5418
5416
5416
5415
5415
5415
5415
5414
5413
5413
5412
5410
5408
5407
5406
5406
5404
5402
5401
5401
5400
5400
5400
5397
5396
5396
5394
5393
5392
5391
5389
5389
5387
5387
5387
5386
5386
5386
5385
5385
5384
5384
5383
5382
5376
5376
5374
5374
5372
5372
5371
5371
5371
5370
5368
5366
5365
5365
5365
5365
5364
5364
5363
5361
5360
5357
5357
5357
5357
5355
5355
5355
5354
5354
5354
5353
5351
5350
5349
5349
5348
5347
5343
5342
5342
5342
5341
5340
5340
5339
5338
5335
5331
5331
5330
5326
5326
5325
5324
5323
5323
5321
5320
5319
5319
5318
5318
5316
5313
5312
5310
5309
5308
5308
5304
5302
5297
5297
5296
5295
5294
5293
5292
5290
5289
5289
5285
5285
5285
5284
5284
5283
5283
5282
5282
5282
5280
5279
5279
5278
5277
5277
5272
5272
5271
5270
5270
5269
5266
5265
5264
5264
5263
5263
5261
5260
5255
5252
5252
5252
5251
5251
5249
5248
5248
5248
5247
5247
5242
5240
5240
5235
5235
5235
5234
5233
5233
5232
5232
5231
5231
5229
5229
5228
5227
5227
5227
5226
5225
5225
5224
5224
5223
5223
5221
5219
5216
5213
5213
5210
5209
5209
5209
5209
5208
5208
5203
5202
5200
5199
5198
5198
5198
5197
5197
5197
5195
5195
5194
5193
5191
5190
5190
5186
5184
5183
5182
5182
5180
5180
5178
5178
5175
5174
5173
5173
5170
5170
5169
5169
5169
5166
5166
5165
5163
5162
5156
5152
5152
5151
5151
5149
5148
5147
5146
5145
5145
5144
5143
5142
5142
5142
5142
5140
5140
5138
5136
5134
5133
5133
5132
5132
5131
5129
5129
5127
5126
5124
5124
5124
5124
5123
5123
5121
5121
5120
5119
5118
5118
5117
5115
5115
5114
5114
5113
5113
5112
5110
5109
5109
5105
5104
5104
5103
5103
5102
5099
5099
5098
5097
5096
5096
5096
5095
5095
5093
5092
5092
5091
5091
5091
5089
5089
5088
5088
5086
5086
5083
5082
5082
5082
5082
5081
5080
5079
5079
5078
5078
5076
5075
5074
5074
5074
5074
5073
5072
5072
5068
5067
5063
5062
5061
5061
5060
5059
5056
5056
5055
5054
5052
5052
5051
5046
5044
5043
5039
5039
5038
5037
5036
5035
5035
5035
5034
5034
5032
5031
5030
5025
5023
5022
5021
5021
5020
5019
5015
5013
5007
5006
5006
5006
5005
5002
5001
4999
4999
4999
4999
4997
4995
4995
4994
4993
4993
4991
4990
4990
4990
4989
4986
4985
4985
4984
4980
4979
4979
4976
4975
4975
4974
4973
4973
4971
4968
4968
4967
4965
4964
4962
4961
4961
4961
4960
4958
4958
4956
4955
4952
4952
4950
4948
4948
4947
4947
4944
4944
4942
4942
4940
4939
4939
4937
4937
4935
4935
4935
4934
4931
4931
4930
4929
4928
4926
4925
4923
4922
4920
4920
4917
4916
4913
4913
4911
4909
4908
4907
4906
4901
4900
4898
4898
4897
4896
4896
4895
4894
4893
4893
4891
4891
4890
4890
4889
4889
4887
4885
4885
4883
4881
4880
4879
4879
4876
4876
4875
4873
4873
4872
4872
4872
4870
4870
4870
4868
4868
4868
4868
4867
4866
4864
4862
4861
4861
4860
4860
4859
4859
4859
4858
4858
4857
4857
4857
4854
4853
4853
4852
4849
4849
4849
4847
4846
4844
4843
4842
4840
4839
4838
4838
4837
4836
4835
4833
4833
4833
4831
4830
4829
4829
4829
4828
4827
4827
4825
4825
4823
4823
4821
4818
4818
4817
4815
4814
4814
4812
4812
4810
4810
4809
4808
4806
4805
4796
4796
4795
4794
4794
4793
4793
4792
4792
4788
4787
4786
4786
4785
4784
4781
4781
4780
4779
4779
4779
4777
4776
4774
4773
4768
4765
4764
4760
4760
4759
4758
4758
4757
4757
4754
4754
4752
4751
4751
4751
4750
4743
4741
4741
4740
4740
4739
4739
4739
4738
4738
4737
4736
4735
4734
4733
4732
4732
4731
4730
4730
4730
4729
4729
4729
4728
4728
4727
4726
4726
4725
4722
4722
4720
4720
4719
4719
4719
4718
4718
4717
4716
4716
4714
4713
4712
4711
4710
4710
4709
4709
4709
4709
4708
4706
4706
4706
4705
4703
4703
4702
4701
4700
4698
4697
4697
4695
4695
4695
4692
4691
4691
4690
4690
4690
4689
4687
4686
4686
4686
4684
4682
4679
4679
4676
4675
4670
4670
4670
4670
4668
4664
4662
4661
4661
4661
4658
4656
4656
4651
4643
4642
4642
4641
4639
4639
4636
4636
4636
4636
4635
4635
4634
4634
4633
4633
4632
4632
4631
4629
4629
4628
4626
4626
4625
4624
4624
4623
4623
4622
4621
4620
4619
4619
4617
4616
4616
4616
4615
4614
4613
4612
4612
4611
4611
4610
4610
4609
4609
4608
4606
4605
4604
4604
4604
4604
4603
4603
4602
4602
4602
4600
4599
4599
4598
4598
4595
4595
4594
4591
4590
4589
4588
4587
4585
4585
4584
4583
4583
4581
4577
4575
4572
4571
4570
4570
4568
4565
4564
4563
4563
4562
4562
4559
4559
4558
4558
4557
4557
4556
4556
4555
4554
4554
4550
4549
4548
4546
4545
4545
4543
4543
4543
4542
4539
4538
4538
4538
4537
4536
4535
4535
4533
4532
4532
4531
4530
4529
4528
4528
4527
4527
4525
4525
4525
4524
4522
4521
4519
4518
4517
4517
4517
4517
4516
4515
4514
4512
4512
4512
4511
4509
4507
4507
4506
4506
4506
4505
4504
4499
4499
4498
4497
4497
4495
4495
4493
4493
4492
4492
4491
4491
4490
4489
4486
4485
4483
4482
4481
4479
4478
4477
4473
4471
4470
4469
4468
4467
4467
4466
4466
4465
4465
4464
4464
4461
4461
4461
4459
4458
4456
4456
4450
4450
4449
4449
4449
4447
4447
4447
4446
4446
4442
4442
4440
4439
4439
4439
4438
4436
4435
4434
4434
4434
4433
4433
4432
4431
4431
4431
4430
4427
4425
4423
4423
4423
4422
4422
4420
4419
4418
4415
4415
4410
4410
4407
4406
4404
4402
4401
4400
4400
4399
4399
4398
4395
4394
4393
4393
4388
4386
4385
4383
4383
4382
4381
4381
4380
4380
4380
4380
4376
4375
4372
4370
4370
4369
4369
4369
4368
4366
4366
4364
4362
4362
4361
4356
4355
4354
4351
4351
4350
4349
4343
4340
4338
4335
4333
4332
4332
4332
4330
4329
4328
4323
4322
4322
4322
4320
4320
4320
4316
4316
4316
4316
4316
4314
4314
4312
4311
4311
4310
4309
4308
4308
4306
4306
4303
4300
4300
4298
4298
4297
4296
4295
4293
4290
4289
4289
4289
4289
4288
4288
4287
4287
4286
4284
4284
4283
4283
4282
4281
4280
4278
4277
4277
4276
4275
4275
4275
4274
4273
4273
4272
4271
4270
4269
4268
4266
4265
4265
4264
4264
4263
4263
4262
4262
4261
4261
4258
4258
4257
4256
4254
4253
4253
4252
4251
4251
4250
4250
4249
4249
4248
4246
4246
4244
4243
4243
4242
4241
4240
4240
4237
4236
4235
4235
4235
4235
4228
4227
4223
4222
4221
4221
4220
4220
4220
4220
4220
4218
4218
4218
4216
4216
4216
4216
4216
4215
4215
4214
4214
4214
4214
4213
4213
4212
4211
4210
4209
4209
4207
4207
4201
4200
4198
4197
4196
4196
4194
4194
4193
4192
4191
4190
4189
4188
4188
4187
4186
4185
4183
4182
4182
4180
4180
4178
4178
4177
4176
4175
4175
4174
4172
4171
4171
4169
4168
4168
4167
4165
4163
4163
4163
4163
4161
4160
4158
4157
4157
4156
4154
4154
4151
4151
4149
4149
4148
4148
4148
4147
4146
4145
4144
4144
4142
4141
4141
4140
4139
4137
4136
4135
4135
4134
4134
4133
4126
4125
4124
4124
4123
4121
4121
4121
4119
4118
4118
4118
4115
4115
4114
4114
4113
4113
4112
4112
4112
4111
4108
4107
4105
4105
4103
4103
4103
4102
4100
4097
4095
4095
4093
4092
4092
4092
4090
4089
4088
4088
4086
4086
4085
4085
4084
4082
4081
4081
4080
4078
4078
4078
4076
4076
4074
4074
4073
4073
4072
4070
4070
4070
4068
4067
4067
4067
4064
4063
4061
4061
4060
4057
4057
4056
4056
4054
4052
4051
4051
4050
4047
4047
4046
4045
4045
4044
4040
4038
4037
4036
4036
4032
4031
4029
4028
4026
4025
4022
4019
4019
4018
4016
4015
4015
4014
4014
4014
4013
4013
4011
4007
4006
4005
4003
3999
3996
3994
3992
3991
3989
3989
3988
3987
3987
3986
3986
3983
3982
3978
3978
3978
3975
3972
3969
3969
3968
3965
3964
3964
3962
3962
3962
3961
3960
3960
3957
3957
3956
3955
3953
3953
3952
3952
3950
3950
3950
3948
3945
3943
3942
3941
3940
3937
3934
3934
3930
3930
3928
3926
3926
3923
3922
3921
3918
3916
3916
3916
3916
3914
3912
3911
3911
3910
3908
3908
3907
3906
3905
3903
3902
3899
3898
3897
3895
3894
3894
3893
3892
3892
3890
3889
3889
3889
3888
3886
3885
3883
3883
3882
3882
3881
3880
3879
3878
3876
3875
3875
3874
3872
3872
3871
3868
3867
3867
3865
3863
3862
3860
3858
3858
3856
3855
3855
3855
3852
3852
3851
3851
3850
3847
3846
3844
3843
3843
3842
3841
3841
3839
3839
3839
3839
3838
3836
3836
3835
3835
3834
3834
3832
3831
3830
3829
3828
3828
3827
3827
3825
3823
3822
3821
3821
3821
3820
3819
3819
3818
3814
3814
3813
3810
3808
3808
3807
3807
3804
3803
3803
3802
3799
3798
3798
3797
3796
3796
3796
3794
3792
3791
3790
3789
3788
3786
3784
3784
3783
3783
3783
3779
3778
3776
3774
3771
3770
3770
3768
3768
3762
3761
3760
3760
3759
3758
3757
3757
3755
3753
3752
3751
3749
3747
3745
3745
3744
3744
3743
3741
3738
3737
3737
3737
3736
3735
3734
3733
3732
3730
3730
3728
3726
3725
3725
3725
3723
3722
3720
3720
3720
3720
3719
3717
3715
3712
3712
3711
3704
3702
3701
3699
3698
3696
3695
3694
3693
3693
3692
3691
3690
3686
3685
3684
3684
3683
3677
3674
3673
3672
3672
3671
3667
3666
3665
3664
3664
3664
3663
3662
3662
3660
3660
3659
3658
3658
3657
3656
3655
3655
3655
3654
3654
3653
3652
3650
3648
3648
3647
3645
3644
3644
3643
3640
3640
3639
3637
3637
3635
3635
3635
3634
3632
3631
3631
3628
3628
3627
3623
3617
3616
3615
3614
3614
3613
3613
3613
3611
3610
3610
3610
3610
3610
3609
3608
3607
3607
3604
3602
3602
3602
3600
3595
3594
3594
3594
3593
3592
3590
3589
3589
3588
3588
3587
3587
3585
3582
3580
3578
3578
3576
3576
3574
3574
3573
3572
3571
3570
3569
3568
3567
3565
3565
3563
3563
3563
3562
3561
3559
3558
3558
3554
3553
3553
3552
3552
3552
3552
3551
3550
3549
3548
3542
3542
3542
3541
3541
3541
3540
3540
3537
3536
3535
3535
3534
3534
3533
3533
3532
3531
3531
3530
3530
3527
3527
3526
3526
3525
3524
3522
3522
3522
3521
3520
3519
3516
3515
3513
3512
3511
3505
3503
3503
3502
3502
3501
3500
3500
3498
3498
3493
3486
3485
3485
3483
3482
3482
3482
3482
3481
3481
3480
3480
3480
3476
3476
3471
3471
3467
3467
3466
3465
3464
3462
3461
3459
3459
3458
3457
3457
3456
3456
3456
3455
3455
3454
3453
3452
3451
3447
3447
3447
3447
3444
3444
3443
3443
3442
3442
3442
3441
3440
3440
3440
3439
3439
3437
3435
3434
3433
3433
3433
3433
3432
3431
3429
3428
3428
3428
3427
3426
3424
3424
3424
3421
3420
3417
3417
3416
3415
3415
3414
3414
3409
3408
3408
3406
3404
3403
3402
3400
3398
3398
3398
3397
3395
3395
3394
3394
3393
3393
3393
3392
3389
3388
3387
3386
3384
3383
3383
3382
3381
3381
3377
3376
3375
3374
3374
3373
3373
3372
3368
3367
3367
3366
3364
3363
3361
3361
3361
3360
3357
3356
3356
3356
3356
3355
3355
3353
3353
3352
3350
3350
3350
3343
3343
3340
3339
3339
3338
3338
3338
3338
3337
3336
3336
3335
3335
3335
3334
3327
3326
3324
3324
3322
3318
3317
3317
3315
3315
3315
3312
3309
3308
3308
3306
3306
3304
3303
3301
3300
3296
3296
3294
3294
3293
3292
3289
3288
3288
3286
3284
3283
3283
3281
3278
3276
3272
3269
3266
3266
3266
3266
3265
3263
3263
3262
3262
3261
3260
3260
3260
3260
3260
3260
3257
3256
3255
3248
3248
3247
3247
3245
3245
3245
3239
3239
3239
3238
3236
3235
3235
3233
3229
3228
3228
3225
3225
3223
3221
3217
3215
3215
3214
3213
3213
3208
3208
3207
3207
3206
3202
3202
3200
3199
3196
3196
3195
3195
3193
3189
3187
3185
3185
3184
3184
3183
3181
3181
3181
3180
3179
3178
3177
3175
3172
3171
3165
3164
3164
3164
3163
3162
3162
3158
3157
3157
3154
3153
3152
3150
3148
3148
3147
3147
3147
3146
3145
3143
3143
3143
3141
3139
3133
3132
3132
3132
3131
3130
3130
3129
3129
3128
3128
3125
3125
3125
3124
3123
3123
3123
3122
3121
3120
3117
3117
3117
3116
3116
3114
3114
3113
3112
3111
3110
3109
3109
3108
3107
3106
3106
3104
3103
3101
3101
3099
3098
3097
3096
3096
3096
3095
3094
3094
3094
3093
3092
3087
3086
3085
3082
3082
3081
3081
3080
3080
3078
3078
3078
3077
3076
3076
3076
3075
3073
3073
3073
3073
3072
3070
3070
3069
3069
3069
3069
3068
3067
3065
3065
3064
3062
3061
3061
3057
3056
3051
3050
3050
3050
3050
3050
3049
3049
3048
3048
3047
3046
3046
3045
3045
3044
3044
3042
3042
3041
3039
3038
3038
3037
3037
3036
3035
3035
3034
3033
3032
3031
3031
3029
3029
3028
3027
3025
3020
3020
3017
3017
3016
3016
3014
3012
3011
3010
3009
3008
3007
3007
3007
3003
3003
3003
3000
3000
2999
2999
2998
2998
2997
2997
2996
2996
2996
2992
2991
2990
2988
2988
2988
2987
2987
2987
2986
2984
2983
2983
2983
2980
2979
2978
2973
2973
2972
2972
2968
2967
2966
2965
2963
2961
2960
2959
2958
2957
2954
2953
2952
2951
2949
2946
2945
2942
2940
2940
2937
2936
2936
2933
2932
2932
2924
2924
2922
2922
2921
2921
2919
2917
2914
2914
2911
2908
2907
2905
2905
2905
2903
2901
2901
2900
2900
2900
2898
2897
2897
2897
2896
2896
2895
2895
2895
2895
2894
2894
2892
2892
2892
2892
2891
2890
2889
2888
2888
2887
2887
2886
2886
2884
2883
2883
2881
2880
2878
2878
2876
2875
2874
2873
2872
2872
2872
2871
2871
2869
2868
2868
2867
2866
2866
2865
2864
2864
2863
2862
2861
2859
2858
2856
2856
2854
2852
2852
2851
2851
2850
2850
2849
2848
2848
2847
2843
2843
2842
2842
2841
2840
2839
2838
2837
2836
2836
2830
2829
2827
2826
2826
2824
2822
2822
2821
2820
2820
2818
2817
2816
2816
2814
2813
2812
2811
2811
2811
2811
2810
2809
2809
2804
2801
2800
2799
2797
2797
2796
2795
2793
2790
2787
2787
2786
2785
2784
2783
2778
2778
2776
2776
2776
2776
2775
2774
2772
2771
2771
2768
2766
2765
2764
2763
2763
2763
2762
2762
2760
2759
2759
2759
2758
2757
2757
2757
2752
2752
2751
2751
2750
2750
2749
2748
2747
2747
2746
2746
2746
2745
2745
2744
2743
2742
2741
2741
2740
2740
2738
2738
2738
2737
2736
2736
2735
2735
2734
2734
2733
2732
2732
2731
2730
2730
2729
2728
2728
2727
2725
2725
2724
2723
2723
2722
2722
2720
2720
2719
2718
2718
2717
2716
2715
2714
2713
2712
2710
2709
2709
2707
2707
2706
2704
2703
2703
2703
2701
2701
2701
2699
2698
2698
2697
2697
2696
2696
2695
2694
2694
2692
2690
2689
2688
2688
2688
2686
2685
2684
2684
2683
2683
2682
2679
2678
2677
2677
2677
2677
2676
2676
2675
2674
2674
2674
2673
2673
2672
2671
2671
2669
2669
2669
2668
2668
2668
2667
2663
2663
2663
2662
2662
2659
2659
2657
2657
2656
2656
2655
2654
2653
2652
2652
2651
2651
2651
2650
2649
2649
2647
2646
2644
2644
2644
2641
2641
2640
2640
2639
2639
2638
2637
2635
2635
2634
2633
2633
2632
2632
2630
2629
2629
2629
2628
2627
2626
2626
2626
2626
2624
2622
2621
2620
2620
2619
2619
2618
2618
2617
2617
2617
2616
2614
2614
2612
2612
2609
2609
2608
2608
2607
2607
2607
2607
2605
2605
2605
2605
2605
2604
2604
2604
2603
2603
2600
2599
2599
2598
2598
2597
2596
2595
2592
2590
2589
2588
2588
2586
2584
2582
2582
2582
2581
2581
2576
2575
2574
2573
2573
2572
2572
2570
2570
2569
2568
2567
2566
2566
2564
2564
2564
2562
2562
2561
2560
2560
2559
2557
2557
2556
2556
2556
2556
2554
2554
2554
2554
2553
2553
2553
2552
2551
2551
2550
2550
2550
2550
2549
2549
2548
2547
2546
2546
2545
2544
2543
2543
2543
2542
2541
2541
2540
2540
2540
2539
2539
2538
2538
2536
2534
2533
2532
2531
2531
2531
2530
2530
2530
2529
2527
2527
2526
2526
2525
2524
2523
2520
2519
2519
2518
2518
2518
2515
2515
2515
2515
2512
2511
2510
2509
2508
2507
2506
2504
2504
2503
2502
2501
2500
2499
2498
2498
2497
2497
2496
2493
2491
2489
2489
2489
2487
2486
2485
2485
2484
2484
2484
2483
2479
2479
2479
2479
2477
2476
2476
2476
2475
2474
2473
2473
2473
2472
2470
2470
2469
2469
2469
2469
2468
2468
2467
2465
2464
2464
2464
2462
2461
2461
2460
2460
2459
2458
2456
2456
2452
2452
2452
2452
2452
2451
2450
2447
2447
2447
2446
2446
2445
2440
2438
2437
2436
2435
2435
2435
2434
2434
2433
2432
2432
2431
2430
2429
2428
2427
2427
2426
2423
2423
2422
2422
2422
2421
2418
2417
2416
2416
2415
2415
2415
2415
2415
2415
2414
2414
2413
2412
2412
2410
2410
2409
2409
2409
2408
2406
2405
2404
2404
2403
2403
2402
2402
2402
2401
2400
2400
2399
2399
2398
2398
2393
2393
2393
2392
2391
2389
2389
2386
2386
2386
2385
2385
2384
2384
2384
2383
2382
2381
2381
2381
2381
2379
2378
2378
2378
2377
2377
2376
2375
2374
2373
2371
2371
2369
2369
2369
2368
2368
2366
2366
2365
2365
2365
2364
2363
2361
2360
2360
2359
2359
2358
2357
2355
2355
2353
2352
2351
2351
2350
2348
2348
2347
2345
2342
2341
2336
2336
2335
2335
2335
2334
2334
2334
2334
2330
2329
2329
2328
2328
2327
2326
2324
2323
2322
2322
2322
2320
2320
2319
2318
2317
2316
2315
2313
2311
2309
2309
2309
2307
2307
2307
2307
2307
2306
2304
2304
2303
2303
2302
2302
2300
2297
2296
2295
2294
2292
2291
2291
2289
2287
2287
2287
2286
2286
2286
2285
2284
2284
2283
2283
2283
2283
2282
2281
2281
2281
2280
2280
2280
2277
2276
2273
2273
2273
2271
2271
2271
2270
2267
2266
2266
2265
2264
2262
2262
2261
2260
2259
2259
2257
2254
2253
2253
2253
2253
2252
2249
2247
2246
2246
2245
2244
2244
2244
2243
2243
2242
2240
2240
2239
2238
2237
2237
2236
2235
2234
2234
2233
2233
2233
2230
2230
2228
2228
2225
2225
2225
2222
2222
2221
2221
2220
2218
2216
2216
2216
2215
2215
2213
2213
2211
2211
2210
2209
2206
2206
2205
2204
2204
2203
2203
2200
2200
2199
2199
2198
2196
2195
2194
2192
2191
2190
2190
2189
2189
2184
2183
2182
2182
2180
2179
2179
2179
2179
2178
2178
2177
2176
2175
2175
2172
2170
2168
2165
2164
2164
2164
2164
2163
2159
2159
2157
2156
2154
2153
2152
2148
2148
2148
2147
2146
2145
2144
2144
2144
2144
2143
2143
2143
2141
2139
2139
2138
2138
2137
2136
2136
2134
2133
2133
2131
2130
2129
2127
2124
2121
2119
2118
2117
2117
2115
2115
2112
2112
2111
2108
2108
2106
2106
2105
2105
2103
2099
2098
2098
2097
2096
2095
2094
2093
2092
2090
2090
2090
2090
2088
2087
2086
2086
2085
2084
2082
2082
2082
2081
2081
2080
2080
2078
2077
2077
2076
2071
2071
2070
2067
2067
2067
2064
2064
2063
2062
2061
2061
2061
2060
2058
2058
2057
2056
2055
2054
2053
2053
2051
2051
2050
2050
2049
2049
2048
2048
2047
2045
2040
2040
2039
2039
2038
2037
2036
2036
2036
2035
2034
2034
2034
2033
2032
2032
2031
2031
2031
2030
2028
2028
2028
2028
2026
2025
2022
2021
2021
2021
2021
2020
2019
2018
2018
2018
2016
2014
2013
2013
2013
2012
2012
2012
2010
2009
2007
2007
2006
2006
2005
2005
2004
2003
2003
2001
2000
1999
1998
1997
1997
1997
1996
1995
1995
1994
1994
1994
1989
1988
1987
1987
1983
1983
1982
1981
1981
1979
1978
1978
1976
1976
1974
1972
1972
1972
1972
1971
1971
1971
1970
1969
1969
1965
1964
1964
1963
1963
1960
1960
1960
1960
1960
1956
1956
1955
1954
1953
1953
1953
1952
1951
1950
1950
1950
1949
1949
1949
1947
1946
1945
1945
1945
1945
1944
1944
1944
1944
1943
1941
1941
1941
1940
1939
1938
1936
1936
1935
1935
1934
1933
1933
1932
1932
1932
1931
1930
1929
1928
1927
1926
1925
1924
1922
1919
1919
1918
1916
1912
1911
1911
1910
1907
1907
1906
1903
1902
1900
1899
1897
1896
1895
1895
1894
1894
1893
1893
1892
1891
1890
1890
1888
1888
1887
1886
1886
1886
1884
1881
1880
1880
1880
1880
1879
1878
1878
1876
1875
1875
1875
1871
1870
1869
1869
1868
1867
1867
1866
1865
1865
1864
1863
1859
1859
1858
1858
1857
1856
1856
1852
1851
1851
1850
1849
1849
1848
1847
1846
1846
1845
1845
1844
1843
1842
1842
1842
1842
1841
1841
1840
1840
1840
1839
1839
1838
1837
1837
1834
1832
1831
1829
1829
1829
1824
1823
1822
1822
1819
1817
1817
1815
1814
1813
1812
1811
1810
1809
1809
1807
1807
1804
1804
1802
1802
1801
1800
1799
1799
1799
1797
1797
1796
1795
1794
1794
1794
1793
1793
1793
1792
1792
1790
1788
1787
1785
1782
1781
1781
1778
1778
1775
1773
1771
1771
1769
1768
1768
1767
1767
1767
1766
1765
1764
1763
1763
1763
1761
1761
1760
1760
1760
1759
1758
1757
1757
1754
1754
1754
1754
1753
1753
1753
1752
1749
1749
1746
1746
1746
1744
1744
1744
1742
1738
1738
1738
1738
1737
1736
1735
1734
1733
1732
1731
1731
1731
1729
1729
1729
1729
1728
1728
1728
1727
1727
1726
1725
1722
1722
1721
1719
1719
1719
1719
1718
1718
1716
1716
1716
1716
1715
1714
1714
1713
1712
1711
1709
1708
1708
1708
1707
1707
1706
1706
1706
1705
1703
1703
1702
1702
1702
1701
1700
1699
1699
1698
1697
1697
1696
1695
1693
1691
1690
1687
1686
1683
1683
1682
1682
1681
1680
1680
1680
1680
1679
1679
1679
1679
1674
1674
1674
1668
1666
1665
1665
1665
1664
1664
1664
1663
1662
1661
1660
1660
1660
1659
1658
1657
1655
1654
1653
1652
1652
1651
1651
1651
1651
1649
1647
1647
1646
1644
1644
1643
1641
1641
1641
1640
1639
1639
1639
1638
1637
1635
1635
1634
1634
1634
1633
1632
1631
1630
1630
1629
1629
1629
1629
1629
1628
1628
1627
1627
1626
1625
1625
1624
1624
1623
1622
1621
1621
1620
1619
1619
1619
1618
1617
1617
1616
1616
1616
1614
1614
1613
1613
1612
1611
1611
1607
1606
1605
1605
1604
1602
1602
1601
1601
1599
1597
1597
1596
1596
1596
1596
1596
1596
1596
1595
1595
1595
1595
1594
1593
1593
1591
1591
1591
1590
1590
1589
1589
1587
1587
1585
1583
1582
1582
1579
1578
1578
1578
1578
1577
1574
1574
1572
1572
1571
1570
1567
1565
1565
1565
1564
1562
1562
1561
1561
1560
1560
1558
1558
1557
1557
1556
1555
1554
1552
1552
1551
1550
1549
1549
1549
1549
1548
1547
1546
1546
1543
1543
1542
1542
1541
1540
1539
1538
1537
1537
1537
1534
1532
1532
1531
1530
1530
1530
1529
1528
1527
1527
1527
1526
1525
1525
1525
1524
1524
1524
1523
1519
1519
1519
1518
1517
1516
1514
1513
1513
1512
1512
1512
1511
1511
1511
1510
1510
1509
1508
1508
1508
1507
1507
1507
1504
1503
1503
1502
1502
1498
1498
1498
1498
1497
1495
1494
1494
1494
1493
1493
1493
1492
1491
1491
1490
1490
1489
1488
1488
1487
1486
1484
1484
1483
1482
1481
1481
1481
1478
1478
1475
1475
1471
1471
1471
1469
1468
1468
1467
1466
1466
1465
1465
1463
1463
1462
1461
1461
1460
1460
1457
1456
1456
1456
1455
1455
1454
1453
1453
1453
1453
1450
1449
1448
1447
1447
1447
1446
1446
1446
1446
1445
1445
1445
1445
1444
1442
1441
1440
1440
1439
1438
1438
1437
1437
1435
1435
1434
1434
1433
1433
1431
1427
1426
1426
1425
1424
1423
1422
1422
1421
1420
1419
1417
1415
1413
1413
1412
1410
1409
1407
1404
1404
1404
1404
1404
1403
1403
1401
1401
1400
1399
1398
1398
1398
1397
1396
1396
1395
1395
1395
1395
1394
1393
1393
1392
1392
1392
1392
1391
1391
1390
1390
1390
1389
1388
1388
1388
1388
1386
1386
1385
1385
1385
1385
1385
1383
1383
1383
1382
1382
1381
1381
1381
1381
1380
1380
1380
1380
1380
1380
1379
1378
1377
1377
1376
1374
1373
1372
1372
1372
1371
1371
1371
1371
1369
1368
1368
1367
1366
1366
1363
1363
1362
1359
1358
1358
1358
1358
1358
1356
1356
1356
1356
1355
1355
1355
1353
1352
1349
1349
1349
1346
1343
1342
1341
1340
1338
1337
1336
1336
1335
1334
1331
1331
1331
1331
1328
1325
1324
1322
1322
1321
1320
1320
1318
1316
1315
1314
1312
1309
1308
1306
1306
1306
1306
1303
1303
1302
1302
1300
1299
1298
1297
1297
1297
1296
1295
1295
1295
1295
1294
1294
1291
1291
1291
1290
1290
1289
1288
1288
1287
1287
1287
1286
1285
1284
1283
1283
1280
1280
1276
1276
1274
1274
1273
1270
1269
1266
1265
1264
1263
1263
1262
1261
1260
1259
1258
1257
1256
1256
1254
1254
1254
1253
1252
1252
1251
1250
1249
1248
1247
1245
1245
1245
1245
1243
1241
1240
1239
1239
1239
1237
1237
1236
1235
1234
1233
1233
1231
1229
1228
1227
1227
1226
1224
1223
1223
1222
1220
1219
1218
1217
1217
1214
1213
1213
1213
1212
1212
1211
1210
1210
1210
1210
1209
1209
1209
1208
1208
1208
1206
1205
1205
1204
1203
1202
1201
1198
1196
1195
1194
1193
1191
1191
1191
1191
1190
1187
1187
1186
1186
1186
1185
1184
1183
1183
1183
1183
1182
1181
1179
1178
1178
1177
1176
1175
1175
1173
1172
1170
1167
1166
1165
1164
1163
1162
1162
1160
1160
1159
1158
1158
1158
1156
1155
1155
1155
1153
1151
1150
1149
1148
1148
1148
1148
1146
1145
1145
1144
1144
1144
1143
1141
1138
1138
1137
1137
1136
1135
1133
1133
1132
1131
1130
1129
1128
1127
1126
1126
1125
1125
1124
1124
1124
1123
1122
1121
1121
1120
1119
1117
1116
1115
1114
1112
1112
1112
1111
1110
1109
1109
1109
1109
1109
1106
1104
1104
1102
1101
1100
1099
1098
1098
1098
1096
1095
1094
1091
1091
1090
1089
1088
1088
1087
1087
1086
1086
1085
1084
1081
1079
1079
1077
1077
1076
1076
1075
1075
1075
1075
1073
1073
1072
1071
1070
1069
1068
1067
1066
1064
1062
1062
1061
1060
1058
1058
1057
1057
1057
1056
1056
1056
1056
1051
1050
1049
1047
1046
1046
1045
1045
1044
1043
1042
1042
1041
1041
1039
1038
1035
1035
1034
1034
1034
1033
1032
1031
1029
1027
1027
1026
1026
1026
1025
1025
1024
1023
1022
1022
1021
1021
1020
1019
1019
1018
1018
1017
1017
1017
1015
1013
1012
1011
1008
1008
1007
1006
1004
1001
1001
998
997
997
997
996
996
995
994
994
994
993
992
991
991
990
990
990
989
987
987
986
985
985
984
983
982
982
982
981
975
975
974
973
971
971
971
970
970
967
966
965
965
964
964
964
963
959
959
959
957
957
956
956
956
955
955
951
950
949
948
947
946
945
945
944
944
944
943
942
942
941
941
941
941
940
939
939
938
936
934
934
933
933
933
932
932
932
932
930
930
928
928
928
927
926
926
925
925
923
922
922
922
921
921
921
921
920
919
919
918
918
917
915
914
913
912
910
910
909
908
907
906
905
901
900
900
898
898
897
896
896
896
896
895
894
893
892
892
889
889
887
887
887
887
887
887
886
885
884
883
883
883
882
881
881
881
880
879
878
877
877
876
875
875
874
874
873
872
872
871
871
871
871
869
869
868
868
867
867
866
863
863
859
859
859
857
855
854
854
854
852
850
849
849
848
847
846
846
845
845
844
843
843
842
841
840
840
838
838
837
835
832
832
830
829
828
827
827
825
823
822
821
821
820
820
820
819
816
815
814
814
814
813
813
810
809
808
807
806
806
805
805
804
804
803
801
800
800
800
797
797
797
791
791
790
789
785
784
784
784
784
782
782
780
778
778
776
775
775
774
773
773
772
771
771
771
771
771
770
769
768
768
766
765
764
764
764
764
762
762
761
759
758
755
754
754
751
751
749
749
746
746
744
744
744
744
743
743
741
740
740
740
739
739
739
738
737
736
734
734
734
734
734
732
730
730
728
728
727
726
725
723
720
720
719
718
716
715
714
711
711
711
711
710
707
706
706
706
706
706
705
703
702
700
700
700
700
700
699
698
697
695
694
694
694
690
689
689
689
688
686
683
683
683
682
682
682
681
681
681
680
679
679
678
678
678
678
676
676
675
675
674
673
672
671
669
669
668
667
666
666
665
664
664
663
663
661
661
660
660
660
659
659
659
657
656
656
652
650
650
647
647
647
644
644
643
643
641
640
639
638
638
637
636
636
634
633
632
631
630
630
628
625
625
625
624
624
623
622
621
621
621
620
619
618
618
618
618
617
616
615
610
610
610
608
607
607
607
606
606
604
604
604
600
598
598
597
597
596
594
593
592
591
591
590
588
587
584
583
582
582
582
581
581
581
579
579
576
576
575
575
574
574
574
572
571
571
571
570
570
569
568
567
564
564
563
562
559
558
558
557
556
555
555
555
555
554
554
552
552
551
551
551
549
547
546
546
544
544
542
542
541
540
540
540
540
540
540
539
539
538
536
535
534
532
529
528
527
527
527
527
526
523
523
521
521
521
520
520
518
518
518
518
517
517
515
515
515
515
514
514
514
514
512
512
512
512
511
510
510
510
510
510
510
509
509
509
507
507
507
506
506
506
506
506
505
505
505
504
504
503
503
502
502
502
501
500
499
498
497
495
495
495
494
494
494
493
492
489
489
488
488
488
488
488
487
487
486
484
483
483
483
482
482
481
481
481
481
480
479
479
478
477
476
476
474
473
472
472
471
471
469
468
468
467
467
467
467
466
465
463
462
461
461
461
461
461
460
459
458
458
458
458
457
457
455
454
451
449
448
447
446
445
445
444
443
443
442
438
437
436
436
435
434
433
432
431
431
430
430
430
429
429
428
428
427
427
426
425
425
425
425
424
422
422
421
421
419
418
417
417
417
416
416
416
415
414
413
412
412
412
411
411
410
410
409
409
407
406
406
406
406
405
404
404
404
404
404
403
402
401
399
399
399
396
396
396
395
394
394
393
393
392
391
390
389
388
387
387
386
386
384
383
383
382
382
380
380
379
377
377
376
375
375
374
373
373
373
371
370
368
365
365
363
361
361
360
359
356
356
355
355
354
354
354
353
353
352
351
350
349
348
348
347
347
346
344
344
342
342
342
337
337
337
336
336
336
334
333
333
333
331
331
331
330
328
327
327
327
325
324
324
323
323
321
321
320
318
317
317
315
315
312
312
311
311
311
311
310
310
310
310
309
309
306
305
305
304
303
303
302
300
299
296
293
293
292
292
291
290
290
290
289
289
287
286
286
284
283
283
281
281
278
275
274
274
273
273
272
272
271
271
271
271
270
269
267
266
264
264
264
262
262
262
261
261
260
260
259
259
256
254
254
254
254
252
250
249
247
246
245
241
240
240
238
238
235
235
234
234
233
233
232
232
231
230
229
229
227
227
226
224
223
222
222
221
221
221
220
219
218
218
218
217
215
214
214
214
213
209
208
208
208
207
205
205
204
204
203
203
203
202
201
200
198
196
196
195
194
194
192
192
191
191
191
190
190
189
188
186
185
184
184
183
181
181
180
179
179
178
178
176
176
175
173
173
168
167
165
165
164
164
163
162
162
162
161
160
159
159
157
157
157
155
155
154
154
151
151
151
150
150
150
149
149
148
147
147
146
146
144
143
143
140
139
139
137
134
134
134
132
130
129
129
127
127
127
123
123
122
122
119
116
115
115
114
114
113
113
113
112
112
112
112
111
111
108
105
105
104
104
103
102
101
101
100
100
100
99
99
98
98
97
96
96
96
95
95
90
89
89
89
88
88
87
84
84
83
82
81
81
79
78
77
77
76
74
74
73
73
71
70
67
66
64
64
64
64
64
63
62
62
62
61
61
59
59
58
57
57
56
55
54
54
52
51
50
50
50
47
46
45
45
44
43
42
42
40
40
40
39
38
36
35
33
32
32
32
32
30
29
28
27
27
26
26
25
25
23
18
17
16
16
15
15
14
13
13
13
12
12
12
11
11
11
9
8
8
8
6
5
5
3
1
0
